"","player","position","MIN","FGM","FGA","3PTM","3PTA","FTM","FTA","OREB","DREB","REB","AST","STL","BLK","TO","PF","PTS","GP","GS"
"1","A. Davis","F",32.025,5.25,8.425,0.075,0.5,3.6,5.075,2.975,7.4,10.375,1.25,1.35,4.65,1.025,1.95,14.175,40,40
"2","B. Long","G",1.41666666666667,0,0.0833333333333333,0,0,0.166666666666667,0.333333333333333,0.0833333333333333,0.0833333333333333,0.166666666666667,0,0,0,0,0,0.166666666666667,12,0
"3","D. Lamb","G",31.225,4.375,9.225,1.9,4.075,3.075,3.725,0.375,2.325,2.7,1.5,0.475,0.05,1.1,1.8,13.725,40,35
"4","D. Miller","G",26.075,3.575,7.55,1.4,3.725,1.375,1.725,0.9,1.85,2.75,2.05,0.825,0.325,1.45,2.175,9.925,40,11
"5","E. Vargas","F",6,0.363636363636364,1.09090909090909,0,0.0303030303030303,0.121212121212121,0.393939393939394,0.606060606060606,1.09090909090909,1.6969696969697,0.0606060606060606,0.0909090909090909,0.303030303030303,0.181818181818182,0.787878787878788,0.848484848484849,33,1
"6","J. Polson","C",2.81818181818182,0,0.181818181818182,0,0.0909090909090909,0.0909090909090909,0.363636363636364,0,0.363636363636364,0.363636363636364,0.0909090909090909,0.181818181818182,0,0.454545454545455,0.363636363636364,0.0909090909090909,11,0
"7","K. Wiltjer","F",11.55,1.775,4.05,0.875,2.025,0.55,0.675,0.65,1.1,1.75,0.4,0.125,0.425,0.675,1.1,4.975,40,0
"8","M. Kidd-Gilchrist","F",31.125,4,8.15,0.325,1.275,3.575,4.8,2.575,4.85,7.425,1.875,0.975,0.925,2.175,2.425,11.9,40,39
"9","M. Teague","G",32.575,3.625,8.8,0.65,2,2.125,2.975,0.425,2.1,2.525,4.775,0.925,0.25,2.725,2.275,10.025,40,40
"10","S. Malone","G",2.16666666666667,0.5,1,0,0,0,0,0,0.333333333333333,0.333333333333333,0.166666666666667,0,0,0.666666666666667,0,1,6,0
"11","T. Beckham","G",2.93333333333333,0,0.0666666666666667,0,0,0,0,0.133333333333333,0.4,0.533333333333333,0.133333333333333,0.0666666666666667,0,0.0666666666666667,0,0,15,0
"12","T. BeckhamT. BeckhamG",NA,0,0,0,0,0,0,0,0,0,0,0,0,0,0,0,0,1,0
"13","T. Jones","F",29.3157894736842,4.65789473684211,9.31578947368421,0.421052631578947,1.28947368421053,2.60526315789474,4.15789473684211,2.52631578947368,4.63157894736842,7.15789473684211,1.34210526315789,1.28947368421053,1.78947368421053,1.63157894736842,2.39473684210526,12.3421052631579,38,34
