"","player","position","MIN","FGM","FGA","3PTM","3PTA","FTM","FTA","OREB","DREB","REB","AST","STL","BLK","TO","PF","PTS","starter","game_id"
"1","A. Davis","F",23,10,13,0,0,3,3,3,7,10,3,0,5,2,2,23,TRUE,"313150096"
"2","M. Kidd-Gilchrist","F",28,5,9,0,0,5,5,1,6,7,1,2,2,2,1,15,TRUE,"313150096"
"3","M. Teague","G",27,7,12,0,1,2,3,2,2,4,4,3,0,3,4,16,TRUE,"313150096"
"4","D. Lamb","G",29,6,12,3,5,0,0,2,3,5,8,1,0,0,3,15,TRUE,"313150096"
"5","D. Miller","G",28,4,6,0,1,0,0,2,1,3,5,2,2,1,2,8,TRUE,"313150096"
"6","K. Wiltjer","F",19,7,12,0,2,0,0,1,3,4,1,0,2,1,2,14,FALSE,"313150096"
"7","T. Jones","F",25,3,7,1,1,1,2,2,7,9,2,0,1,0,1,8,FALSE,"313150096"
"8","E. Vargas","F",14,2,2,0,0,1,2,1,7,8,0,0,1,0,1,5,FALSE,"313150096"
"9","J. Polson","C",5,0,0,0,0,0,0,0,0,0,0,0,0,0,2,0,FALSE,"313150096"
"10","B. Long","G",1,0,0,0,0,0,0,0,0,0,0,0,0,0,0,0,FALSE,"313150096"
"11","S. Malone","G",1,2,2,0,0,0,0,0,0,0,0,0,0,0,0,4,FALSE,"313150096"
"12","A. Davis","F",33,6,8,0,1,2,6,1,5,6,0,2,7,3,4,14,TRUE,"313192305"
"13","M. Kidd-Gilchrist","F",35,4,9,1,3,3,5,1,8,9,4,1,3,5,3,12,TRUE,"313192305"
"14","T. Jones","F",35,6,11,1,2,2,2,2,5,7,2,1,3,2,4,15,TRUE,"313192305"
"15","M. Teague","G",33,4,9,1,1,3,7,0,2,2,3,0,0,6,4,12,TRUE,"313192305"
"16","D. Lamb","G",34,4,8,3,5,6,8,2,2,4,1,1,0,1,2,17,TRUE,"313192305"
"17","K. Wiltjer","F",3,0,0,0,0,0,0,0,0,0,0,0,0,0,1,0,FALSE,"313192305"
"18","E. Vargas","F",7,0,1,0,0,0,0,0,2,2,0,0,0,0,1,0,FALSE,"313192305"
"19","D. Miller","G",20,2,5,1,3,0,1,2,2,4,4,0,0,2,1,5,FALSE,"313192305"
"20","A. Davis","F",23,1,2,0,0,1,4,2,4,6,2,0,3,0,1,3,TRUE,"313230096"
"21","M. Kidd-Gilchrist","F",19,4,5,1,2,0,0,1,2,3,0,2,1,1,3,9,TRUE,"313230096"
"22","T. Jones","F",24,6,8,1,2,2,4,1,8,9,5,1,0,1,2,15,TRUE,"313230096"
"23","M. Teague","G",23,3,6,3,3,0,0,0,1,1,2,1,2,3,3,9,TRUE,"313230096"
"24","D. Lamb","G",28,8,13,3,6,7,7,1,3,4,2,1,0,1,1,26,TRUE,"313230096"
"25","K. Wiltjer","F",28,6,12,2,5,5,6,1,1,2,3,0,0,1,3,19,FALSE,"313230096"
"26","E. Vargas","F",13,0,2,0,1,1,2,1,7,8,1,1,2,1,1,1,FALSE,"313230096"
"27","J. Polson","C",10,0,1,0,0,1,2,0,3,3,0,0,0,1,0,1,FALSE,"313230096"
"28","B. Long","G",4,0,0,0,0,2,4,1,0,1,0,0,0,0,0,2,FALSE,"313230096"
"29","S. Malone","G",4,0,1,0,0,0,0,0,0,0,0,0,0,0,0,0,FALSE,"313230096"
"30","D. Miller","G",24,0,3,0,1,0,0,1,3,4,4,1,0,1,2,0,FALSE,"313230096"
"31","A. Davis","F",20,4,6,0,0,3,5,4,5,9,1,2,3,3,5,11,TRUE,"313240096"
"32","M. Kidd-Gilchrist","F",34,6,13,1,2,0,2,3,6,9,2,1,0,5,4,13,TRUE,"313240096"
"33","T. Jones","F",35,3,9,0,0,0,0,0,7,7,0,1,4,2,2,6,TRUE,"313240096"
"34","M. Teague","G",32,3,5,0,1,0,1,1,1,2,2,2,0,6,1,6,TRUE,"313240096"
"35","D. Lamb","G",34,2,7,2,5,2,3,0,3,3,0,0,0,0,1,8,TRUE,"313240096"
"36","K. Wiltjer","F",11,1,4,1,2,0,1,2,3,5,0,0,2,2,1,3,FALSE,"313240096"
"37","E. Vargas","F",6,1,1,0,0,0,0,1,1,2,0,0,0,0,2,2,FALSE,"313240096"
"38","D. Miller","G",28,4,8,0,3,5,5,2,2,4,5,1,0,3,1,13,FALSE,"313240096"
"39","A. Davis","F",25,4,4,0,0,4,4,2,4,6,1,1,4,2,1,12,TRUE,"313270096"
"40","M. Kidd-Gilchrist","F",31,3,8,1,3,8,8,2,7,9,0,3,0,2,0,15,TRUE,"313270096"
"41","T. Jones","F",28,6,13,1,2,4,6,2,6,8,1,0,3,4,1,17,TRUE,"313270096"
"42","M. Teague","G",31,6,8,1,2,0,0,0,3,3,5,2,1,2,2,13,TRUE,"313270096"
"43","D. Lamb","G",22,4,9,1,3,1,1,0,5,5,2,0,0,1,2,10,TRUE,"313270096"
"44","K. Wiltjer","F",22,3,8,1,2,2,2,5,3,8,2,2,2,3,1,9,FALSE,"313270096"
"45","E. Vargas","F",12,2,2,0,0,0,1,1,3,4,0,0,0,1,1,4,FALSE,"313270096"
"46","J. Polson","C",4,0,0,0,0,0,0,0,1,1,0,0,0,0,1,0,FALSE,"313270096"
"47","B. Long","G",2,0,0,0,0,0,0,0,0,0,0,0,0,0,0,0,FALSE,"313270096"
"48","S. Malone","G",2,1,2,0,0,0,0,0,2,2,0,0,0,1,0,2,FALSE,"313270096"
"49","D. Miller","G",21,2,8,0,3,2,2,1,1,2,0,3,0,0,2,6,FALSE,"313270096"
"50","A. Davis","F",30,5,9,0,0,3,8,2,10,12,1,2,4,0,0,13,TRUE,"313300096"
"51","M. Kidd-Gilchrist","F",33,4,8,0,2,3,6,5,2,7,3,2,2,2,1,11,TRUE,"313300096"
"52","T. Jones","F",31,6,11,2,2,5,6,2,2,4,3,2,2,0,3,19,TRUE,"313300096"
"53","M. Teague","G",34,4,12,1,4,5,6,0,1,1,8,4,0,0,1,14,TRUE,"313300096"
"54","D. Lamb","G",27,1,6,0,2,7,7,0,4,4,4,1,0,0,2,9,TRUE,"313300096"
"55","K. Wiltjer","F",15,1,4,0,2,0,0,0,2,2,0,0,0,0,2,2,FALSE,"313300096"
"56","E. Vargas","F",3,0,0,0,0,0,0,0,0,0,0,0,0,0,1,0,FALSE,"313300096"
"57","J. Polson","C",1,0,0,0,0,0,0,0,0,0,0,1,0,1,0,0,FALSE,"313300096"
"58","B. Long","G",2,0,1,0,0,0,0,0,1,1,0,0,0,0,0,0,FALSE,"313300096"
"59","S. Malone","G",1,0,0,0,0,0,0,0,0,0,0,0,0,0,0,0,FALSE,"313300096"
"60","D. Miller","G",23,7,11,4,5,1,2,3,2,5,1,0,1,1,0,19,FALSE,"313300096"
"61","A. Davis","F",32,6,10,0,0,3,6,7,8,15,0,2,8,1,3,15,TRUE,"313350096"
"62","M. Kidd-Gilchrist","F",22,1,7,1,1,2,2,0,2,2,1,1,0,3,4,5,TRUE,"313350096"
"63","T. Jones","F",32,7,12,1,2,11,16,4,5,9,0,4,4,3,4,26,TRUE,"313350096"
"64","M. Teague","G",31,2,9,1,3,0,1,1,4,5,5,2,1,2,2,5,TRUE,"313350096"
"65","D. Lamb","G",35,6,11,2,3,2,2,1,3,4,3,0,1,1,1,16,TRUE,"313350096"
"66","K. Wiltjer","F",12,1,5,0,2,0,0,0,3,3,0,0,1,0,1,2,FALSE,"313350096"
"67","E. Vargas","F",5,1,4,0,0,1,2,2,1,3,0,0,2,0,1,3,FALSE,"313350096"
"68","B. Long","G",2,0,0,0,0,0,0,0,0,0,0,0,0,0,0,0,FALSE,"313350096"
"69","S. Malone","G",2,0,1,0,0,0,0,0,0,0,1,0,0,1,0,0,FALSE,"313350096"
"70","D. Miller","G",27,4,10,0,5,1,1,2,2,4,6,0,1,1,2,9,FALSE,"313350096"
"71","A. Davis","F",34,3,6,0,2,1,1,2,7,9,1,2,2,1,2,7,TRUE,"313370096"
"72","M. Kidd-Gilchrist","F",33,6,10,0,1,5,7,4,7,11,1,1,1,1,2,17,TRUE,"313370096"
"73","T. Jones","F",35,5,14,1,5,3,3,4,3,7,1,2,3,1,2,14,TRUE,"313370096"
"74","M. Teague","G",30,3,11,0,4,1,3,0,2,2,4,0,0,1,2,7,TRUE,"313370096"
"75","D. Lamb","G",34,6,12,2,3,0,0,2,2,4,2,1,0,4,2,14,TRUE,"313370096"
"76","K. Wiltjer","F",5,1,1,0,0,0,0,0,0,0,0,0,0,0,0,2,FALSE,"313370096"
"77","E. Vargas","F",6,0,1,0,0,0,0,1,1,2,0,0,1,0,0,0,FALSE,"313370096"
"78","D. Miller","G",23,4,8,1,2,3,4,1,0,1,0,1,0,1,2,12,FALSE,"313370096"
"79","A. Davis","F",24,3,4,0,0,0,1,2,7,9,1,3,3,1,4,6,TRUE,"313440084"
"80","M. Kidd-Gilchrist","F",38,9,12,0,0,0,0,4,5,9,0,2,1,2,1,18,TRUE,"313440084"
"81","T. Jones","F",28,2,3,0,0,0,2,0,1,1,1,1,2,6,0,4,TRUE,"313440084"
"82","M. Teague","G",31,6,11,0,1,3,3,0,1,1,5,1,0,3,2,15,TRUE,"313440084"
"83","D. Lamb","G",36,5,14,2,3,7,11,1,0,1,1,2,1,1,2,19,TRUE,"313440084"
"84","K. Wiltjer","F",7,0,0,0,0,0,0,0,0,0,1,0,0,1,1,0,FALSE,"313440084"
"85","E. Vargas","F",10,1,2,0,0,0,0,2,1,3,0,1,0,0,0,2,FALSE,"313440084"
"86","D. Miller","G",26,4,8,0,3,0,0,0,2,2,0,0,0,2,3,8,FALSE,"313440084"
"87","A. Davis","F",30,7,11,0,0,0,0,5,13,18,1,1,5,1,2,14,TRUE,"313510096"
"88","M. Kidd-Gilchrist","F",34,4,7,2,3,7,8,4,4,8,6,1,1,3,3,17,TRUE,"313510096"
"89","T. Jones","F",10,0,3,0,1,0,0,0,1,1,1,0,0,2,1,0,TRUE,"313510096"
"90","M. Teague","G",30,5,13,1,5,0,0,1,0,1,8,2,0,1,3,11,TRUE,"313510096"
"91","D. Lamb","G",30,10,17,4,9,0,0,0,6,6,0,0,0,0,2,24,TRUE,"313510096"
"92","K. Wiltjer","F",23,3,7,3,7,0,0,1,2,3,0,0,0,1,3,9,FALSE,"313510096"
"93","E. Vargas","F",9,0,0,0,0,0,0,0,0,0,1,0,0,1,1,0,FALSE,"313510096"
"94","J. Polson","C",2,0,1,0,1,0,2,0,0,0,0,0,0,1,1,0,FALSE,"313510096"
"95","B. Long","G",1,0,0,0,0,0,0,0,0,0,0,0,0,0,0,0,FALSE,"313510096"
"96","S. Malone","G",3,0,0,0,0,0,0,0,0,0,0,0,0,2,0,0,FALSE,"313510096"
"97","D. Miller","G",25,4,9,2,7,2,4,0,3,3,0,1,0,1,1,12,FALSE,"313510096"
"98","T. Beckham","G",3,0,0,0,0,0,0,0,0,0,0,0,0,0,0,0,FALSE,"313510096"
"99","A. Davis","F",29,3,7,0,1,2,2,4,5,9,0,3,5,0,2,8,TRUE,"313540096"
"100","M. Kidd-Gilchrist","F",27,5,11,0,2,0,0,2,0,2,2,0,2,1,3,10,TRUE,"313540096"
"101","M. Teague","G",33,6,11,1,2,1,3,2,2,4,5,1,0,4,2,14,TRUE,"313540096"
"102","D. Lamb","G",31,8,12,4,6,6,7,0,6,6,0,1,0,1,1,26,TRUE,"313540096"
"103","D. Miller","G",31,6,10,3,6,2,2,2,0,2,5,2,0,0,1,17,TRUE,"313540096"
"104","K. Wiltjer","F",22,2,7,1,4,0,0,1,3,4,0,0,0,1,3,5,FALSE,"313540096"
"105","E. Vargas","F",17,1,4,0,0,0,0,3,4,7,0,0,0,0,0,2,FALSE,"313540096"
"106","J. Polson","C",2,0,0,0,0,0,0,0,0,0,0,0,0,0,0,0,FALSE,"313540096"
"107","B. Long","G",1,0,0,0,0,0,0,0,0,0,0,0,0,0,0,0,FALSE,"313540096"
"108","T. Beckham","G",7,0,0,0,0,0,0,1,2,3,1,0,0,0,0,0,FALSE,"313540096"
"109","A. Davis","F",34,5,9,0,0,5,6,2,9,11,0,0,3,0,1,15,TRUE,"313560096"
"110","M. Kidd-Gilchrist","F",27,4,6,0,1,7,9,3,4,7,4,0,0,2,5,15,TRUE,"313560096"
"111","M. Teague","G",36,2,8,0,0,5,6,0,3,3,3,0,1,4,3,9,TRUE,"313560096"
"112","D. Lamb","G",31,3,5,0,2,3,3,1,1,2,2,0,0,1,2,9,TRUE,"313560096"
"113","D. Miller","G",30,6,11,0,3,1,3,1,4,5,3,1,0,2,1,13,TRUE,"313560096"
"114","K. Wiltjer","F",25,7,11,3,6,7,8,2,2,4,1,1,0,0,1,24,FALSE,"313560096"
"115","E. Vargas","F",8,1,2,0,0,0,2,1,1,2,0,0,1,0,3,2,FALSE,"313560096"
"116","J. Polson","C",1,0,0,0,0,0,0,0,0,0,1,0,0,0,0,0,FALSE,"313560096"
"117","B. Long","G",1,0,0,0,0,0,0,0,0,0,0,0,0,0,0,0,FALSE,"313560096"
"118","T. Beckham","G",7,0,0,0,0,0,0,0,1,1,0,0,0,0,0,0,FALSE,"313560096"
"119","A. Davis","F",34,5,10,0,0,0,0,3,10,13,2,0,6,0,2,10,TRUE,"313620096"
"120","M. Kidd-Gilchrist","F",26,5,6,0,0,8,10,1,5,6,4,1,1,1,2,18,TRUE,"313620096"
"121","M. Teague","G",31,4,8,1,3,6,7,1,1,2,4,1,1,6,2,15,TRUE,"313620096"
"122","D. Lamb","G",32,3,9,1,3,5,6,0,1,1,2,0,0,0,1,12,TRUE,"313620096"
"123","D. Miller","G",31,4,7,4,6,3,4,1,5,6,1,1,0,3,3,15,TRUE,"313620096"
"124","K. Wiltjer","F",11,1,2,1,2,4,4,0,1,1,0,0,1,1,0,7,FALSE,"313620096"
"125","T. Jones","F",27,4,10,0,0,1,2,4,2,6,2,0,1,3,2,9,FALSE,"313620096"
"126","E. Vargas","F",5,0,1,0,0,0,0,0,0,0,0,0,0,1,1,0,FALSE,"313620096"
"127","J. Polson","C",1,0,0,0,0,0,0,0,0,0,0,1,0,2,0,0,FALSE,"313620096"
"128","B. Long","G",1,0,0,0,0,0,0,0,0,0,0,0,0,0,0,0,FALSE,"313620096"
"129","T. Beckham","G",1,0,0,0,0,0,0,0,0,0,0,0,0,0,0,0,FALSE,"313620096"
"130","A. Davis","F",27,3,4,0,0,12,13,2,8,10,0,3,6,2,3,18,TRUE,"313650096"
"131","M. Kidd-Gilchrist","F",39,7,16,2,4,8,13,6,13,19,1,0,0,0,3,24,TRUE,"313650096"
"132","M. Teague","G",29,1,8,0,3,2,2,0,3,3,5,0,1,4,5,4,TRUE,"313650096"
"133","D. Lamb","G",24,1,7,0,3,8,9,0,0,0,2,0,0,4,4,10,TRUE,"313650096"
"134","D. Miller","G",32,2,8,1,3,2,2,3,1,4,1,0,0,8,4,7,TRUE,"313650096"
"135","K. Wiltjer","F",15,2,5,0,2,0,0,0,2,2,0,0,0,1,2,4,FALSE,"313650096"
"136","T. Jones","F",30,1,9,0,1,0,4,3,8,11,0,3,0,1,1,2,FALSE,"313650096"
"137","E. Vargas","F",2,0,0,0,0,0,0,0,0,0,0,0,0,0,0,0,FALSE,"313650096"
"138","T. Beckham","G",2,0,0,0,0,0,0,0,0,0,1,0,0,0,0,0,FALSE,"313650096"
"139","A. Davis","F",36,9,11,0,0,4,7,4,12,16,1,0,3,2,2,22,TRUE,"320030096"
"140","M. Kidd-Gilchrist","F",31,3,7,1,3,2,2,5,5,10,1,0,3,6,1,9,TRUE,"320030096"
"141","T. Jones","F",26,3,6,1,2,3,4,3,3,6,1,1,2,4,3,10,TRUE,"320030096"
"142","M. Teague","G",27,2,7,0,2,2,2,0,1,1,5,0,1,2,4,6,TRUE,"320030096"
"143","D. Lamb","G",30,4,7,1,3,0,1,1,4,5,3,0,0,1,1,9,TRUE,"320030096"
"144","K. Wiltjer","F",14,1,6,0,1,0,0,2,0,2,0,1,0,2,2,2,FALSE,"320030096"
"145","E. Vargas","F",4,0,1,0,0,0,0,0,1,1,0,0,2,1,1,0,FALSE,"320030096"
"146","D. Miller","G",31,6,11,3,5,0,0,3,3,6,3,1,1,1,3,15,FALSE,"320030096"
"147","T. Beckham","G",1,0,0,0,0,0,0,0,0,0,0,0,0,0,0,0,FALSE,"320030096"
"148","A. Davis","F",30,5,10,0,0,2,2,2,8,10,0,2,7,1,2,12,TRUE,"320070096"
"149","M. Kidd-Gilchrist","F",37,3,5,0,1,3,4,2,4,6,2,0,1,3,0,9,TRUE,"320070096"
"150","T. Jones","F",32,8,9,1,2,3,5,2,1,3,1,0,0,4,2,20,TRUE,"320070096"
"151","M. Teague","G",36,6,10,1,1,4,5,0,3,3,4,1,0,2,1,17,TRUE,"320070096"
"152","D. Lamb","G",28,3,5,2,3,2,2,0,3,3,2,0,0,1,2,10,TRUE,"320070096"
"153","K. Wiltjer","F",8,2,3,1,2,0,0,0,1,1,0,0,0,1,1,5,FALSE,"320070096"
"154","E. Vargas","F",10,1,1,0,0,0,2,0,0,0,0,1,0,0,0,2,FALSE,"320070096"
"155","D. Miller","G",19,1,6,0,2,2,2,0,1,1,4,0,0,3,3,4,FALSE,"320070096"
"156","A. Davis","F",37,6,9,0,1,2,2,4,2,6,2,3,4,0,1,14,TRUE,"320110002"
"157","M. Kidd-Gilchrist","F",30,2,10,0,3,3,4,2,1,3,3,3,3,4,3,7,TRUE,"320110002"
"158","T. Jones","F",32,5,11,0,2,2,2,3,2,5,0,3,0,1,2,12,TRUE,"320110002"
"159","M. Teague","G",35,4,11,2,3,2,2,2,2,4,3,0,0,3,4,12,TRUE,"320110002"
"160","D. Miller","G",24,3,6,3,5,0,0,0,4,4,1,0,0,0,4,9,TRUE,"320110002"
"161","K. Wiltjer","F",4,0,3,0,1,0,0,0,0,0,0,0,0,0,0,0,FALSE,"320110002"
"162","E. Vargas","F",3,0,0,0,0,0,0,0,0,0,0,0,0,0,1,0,FALSE,"320110002"
"163","D. Lamb","G",35,3,7,2,5,6,8,0,3,3,1,1,0,0,1,14,FALSE,"320110002"
"164","A. Davis","F",35,7,10,0,0,4,5,2,6,8,2,2,4,0,2,18,TRUE,"320142633"
"165","M. Kidd-Gilchrist","F",39,4,11,1,1,8,12,6,6,12,1,3,1,2,1,17,TRUE,"320142633"
"166","T. Jones","F",24,4,8,0,1,2,3,2,3,5,1,1,3,3,5,10,TRUE,"320142633"
"167","M. Teague","G",38,3,8,0,0,1,2,0,1,1,1,1,0,5,3,7,TRUE,"320142633"
"168","D. Miller","G",23,1,4,0,1,2,2,0,1,1,0,1,0,0,3,4,TRUE,"320142633"
"169","K. Wiltjer","F",9,1,1,1,1,2,2,0,1,1,0,0,0,1,3,5,FALSE,"320142633"
"170","E. Vargas","F",3,0,0,0,0,0,0,0,1,1,0,0,0,0,0,0,FALSE,"320142633"
"171","D. Lamb","G",28,1,7,0,1,2,3,0,4,4,2,0,0,2,2,4,FALSE,"320142633"
"172","T. Beckham","G",1,0,0,0,0,0,0,0,0,0,0,0,0,0,0,0,FALSE,"320142633"
"173","A. Davis","F",36,10,12,0,1,7,8,4,10,14,0,0,7,0,0,27,TRUE,"320170096"
"174","M. Kidd-Gilchrist","F",24,4,7,0,0,2,2,1,3,4,4,0,1,4,2,10,TRUE,"320170096"
"175","T. Jones","F",31,4,8,0,1,5,8,1,8,9,0,1,5,0,3,13,TRUE,"320170096"
"176","M. Teague","G",36,2,4,0,0,3,4,0,4,4,9,2,0,3,2,7,TRUE,"320170096"
"177","D. Miller","G",21,5,8,1,3,0,1,1,1,2,0,0,0,2,4,11,TRUE,"320170096"
"178","K. Wiltjer","F",15,2,5,0,2,0,0,2,0,2,0,0,0,0,0,4,FALSE,"320170096"
"179","E. Vargas","F",2,0,0,0,0,0,0,0,0,0,0,0,0,0,1,0,FALSE,"320170096"
"180","D. Lamb","G",31,5,12,2,4,2,2,0,2,2,0,1,0,2,1,14,FALSE,"320170096"
"181","T. Beckham","G",4,0,0,0,0,0,0,0,1,1,0,1,0,1,0,0,FALSE,"320170096"
"182","A. Davis","F",39,2,10,0,0,7,9,6,3,9,0,4,4,0,2,11,TRUE,"320210096"
"183","M. Kidd-Gilchrist","F",23,4,7,0,1,5,7,1,5,6,1,2,1,0,5,13,TRUE,"320210096"
"184","T. Jones","F",32,4,7,1,2,6,12,3,3,6,1,1,2,2,4,15,TRUE,"320210096"
"185","M. Teague","G",38,4,11,0,1,2,4,1,1,2,1,0,0,3,2,10,TRUE,"320210096"
"186","D. Miller","G",29,2,5,2,4,5,6,1,1,2,4,2,1,2,2,11,TRUE,"320210096"
"187","K. Wiltjer","F",6,1,3,1,3,0,0,0,1,1,0,0,1,0,0,3,FALSE,"320210096"
"188","D. Lamb","G",33,5,8,2,3,2,2,0,4,4,2,0,0,1,3,14,FALSE,"320210096"
"189","A. Davis","F",39,1,2,0,0,2,2,4,7,11,0,0,5,2,2,4,TRUE,"320240061"
"190","M. Kidd-Gilchrist","F",37,6,14,0,3,2,2,2,9,11,3,0,1,2,1,14,TRUE,"320240061"
"191","T. Jones","F",26,2,5,0,0,1,4,1,6,7,1,1,3,1,4,5,TRUE,"320240061"
"192","M. Teague","G",33,1,7,0,3,0,0,1,6,7,7,0,0,0,1,2,TRUE,"320240061"
"193","D. Lamb","G",34,2,8,2,5,1,2,0,1,1,1,1,0,1,1,7,TRUE,"320240061"
"194","K. Wiltjer","F",8,2,4,2,3,0,0,0,2,2,1,0,1,1,1,6,FALSE,"320240061"
"195","D. Miller","G",23,7,8,4,4,1,2,0,0,0,0,0,0,3,2,19,FALSE,"320240061"
"196","A. Davis","F",28,6,6,0,0,4,10,3,7,10,1,2,3,0,1,16,TRUE,"320280099"
"197","M. Kidd-Gilchrist","F",33,0,5,0,1,1,2,3,5,8,4,2,0,3,2,1,TRUE,"320280099"
"198","T. Jones","F",30,10,16,0,0,7,8,5,4,9,1,2,3,0,3,27,TRUE,"320280099"
"199","M. Teague","G",31,2,6,2,4,0,0,0,2,2,4,0,2,1,1,6,TRUE,"320280099"
"200","D. Lamb","G",26,3,9,2,4,1,2,0,3,3,1,1,0,0,2,9,TRUE,"320280099"
"201","K. Wiltjer","F",14,0,3,0,1,2,4,0,0,0,0,0,0,1,0,2,FALSE,"320280099"
"202","E. Vargas","F",7,0,1,0,0,0,0,2,1,3,0,0,0,1,1,0,FALSE,"320280099"
"203","D. Miller","G",29,5,9,3,5,0,0,1,0,1,1,1,0,0,2,13,FALSE,"320280099"
"204","T. Beckham","G",2,0,0,0,0,0,0,0,0,0,0,0,0,0,0,0,FALSE,"320280099"
"205","A. Davis","F",30,6,7,0,0,6,7,1,7,8,3,0,7,1,2,18,TRUE,"320310096"
"206","M. Kidd-Gilchrist","F",33,5,9,0,0,6,6,1,7,8,1,2,1,2,2,16,TRUE,"320310096"
"207","T. Jones","F",29,3,6,0,1,5,5,2,4,6,3,2,0,1,4,11,TRUE,"320310096"
"208","M. Teague","G",35,2,4,0,0,5,6,0,2,2,4,1,0,2,2,9,TRUE,"320310096"
"209","D. Lamb","G",27,3,5,1,3,2,2,0,2,2,0,0,0,2,1,9,TRUE,"320310096"
"210","K. Wiltjer","F",14,1,3,0,2,0,0,1,4,5,0,0,1,1,1,2,FALSE,"320310096"
"211","E. Vargas","F",5,0,0,0,0,0,0,0,1,1,0,0,1,0,0,0,FALSE,"320310096"
"212","D. Miller","G",25,2,7,0,4,0,1,1,0,1,0,1,1,2,3,4,FALSE,"320310096"
"213","T. Beckham","G",2,0,0,0,0,0,0,0,1,1,0,0,0,0,0,0,FALSE,"320310096"
"214","A. Davis","F",28,9,10,0,0,4,5,3,5,8,1,2,8,0,3,22,TRUE,"320352579"
"215","M. Kidd-Gilchrist","F",30,2,7,0,1,3,6,3,2,5,3,0,1,0,2,7,TRUE,"320352579"
"216","T. Jones","F",27,5,10,0,1,6,7,1,5,6,4,2,1,0,1,16,TRUE,"320352579"
"217","M. Teague","G",28,2,6,0,2,0,0,0,0,0,3,1,0,2,1,4,TRUE,"320352579"
"218","D. Lamb","G",28,6,7,3,3,3,3,1,3,4,1,1,0,0,2,18,TRUE,"320352579"
"219","K. Wiltjer","F",18,5,14,2,4,0,0,2,2,4,1,0,0,0,1,12,FALSE,"320352579"
"220","E. Vargas","F",12,1,2,0,0,0,0,0,1,1,0,0,0,0,1,2,FALSE,"320352579"
"221","D. Miller","G",20,2,5,1,3,0,0,1,1,2,4,0,0,1,2,5,FALSE,"320352579"
"222","T. Beckham","G",9,0,1,0,0,0,0,1,1,2,0,0,0,0,0,0,FALSE,"320352579"
"223","A. Davis","F",36,8,13,0,0,0,0,1,5,6,1,2,4,1,1,16,TRUE,"320380096"
"224","M. Kidd-Gilchrist","F",39,4,8,0,0,5,5,4,9,13,3,0,0,1,3,13,TRUE,"320380096"
"225","T. Jones","F",19,2,7,0,1,0,0,3,4,7,1,0,1,2,2,4,TRUE,"320380096"
"226","M. Teague","G",36,4,6,2,3,2,2,0,3,3,10,1,0,5,3,12,TRUE,"320380096"
"227","D. Lamb","G",31,6,8,4,5,2,2,0,3,3,1,0,0,1,1,18,TRUE,"320380096"
"228","K. Wiltjer","F",11,2,5,2,2,0,0,3,0,3,0,0,1,2,1,6,FALSE,"320380096"
"229","E. Vargas","F",4,0,1,0,0,0,0,0,0,0,0,0,0,0,1,0,FALSE,"320380096"
"230","D. Miller","G",24,3,7,1,4,2,2,0,1,1,2,1,0,1,1,9,FALSE,"320380096"
"231","A. Davis","F",39,6,12,0,0,3,3,4,4,8,0,0,7,1,3,15,TRUE,"320420238"
"232","M. Kidd-Gilchrist","F",30,1,4,0,1,2,3,0,7,7,1,1,1,3,3,4,TRUE,"320420238"
"233","T. Jones","F",30,6,10,0,0,2,3,4,5,9,0,2,4,0,3,14,TRUE,"320420238"
"234","M. Teague","G",37,6,12,0,3,1,3,1,3,4,8,0,0,1,0,13,TRUE,"320420238"
"235","D. Lamb","G",37,6,13,2,7,2,3,0,2,2,1,1,0,1,2,16,TRUE,"320420238"
"236","K. Wiltjer","F",12,1,2,0,1,0,0,0,1,1,0,0,0,0,1,2,FALSE,"320420238"
"237","D. Miller","G",15,2,5,1,2,0,0,0,2,2,2,0,0,0,4,5,FALSE,"320420238"
"238","A. Davis","F",25,4,5,0,0,2,4,1,5,6,1,1,4,1,2,10,TRUE,"320490096"
"239","M. Kidd-Gilchrist","F",29,1,4,0,0,2,4,3,4,7,2,2,0,3,2,4,TRUE,"320490096"
"240","T. Jones","F",30,7,11,0,0,1,1,6,5,11,2,1,1,1,0,15,TRUE,"320490096"
"241","M. Teague","G",31,2,9,0,1,1,2,0,2,2,8,1,0,3,3,5,TRUE,"320490096"
"242","D. Lamb","G",32,4,11,4,6,4,4,0,1,1,3,0,0,0,2,16,TRUE,"320490096"
"243","K. Wiltjer","F",19,5,6,3,4,0,0,0,1,1,1,0,0,1,0,13,FALSE,"320490096"
"244","E. Vargas","F",2,0,0,0,0,0,0,0,0,0,0,0,0,0,1,0,FALSE,"320490096"
"245","J. Polson","C",1,0,0,0,0,0,0,0,0,0,0,0,0,0,0,0,FALSE,"320490096"
"246","B. Long","G",1,0,0,0,0,0,0,0,0,0,0,0,0,0,0,0,FALSE,"320490096"
"247","D. Miller","G",29,5,12,3,7,1,2,0,1,1,1,2,1,2,2,14,FALSE,"320490096"
"248","T. Beckham","G",1,0,0,0,0,0,0,0,0,0,0,0,0,0,0,0,FALSE,"320490096"
"249","A. Davis","F",38,4,9,0,2,5,6,3,8,11,1,2,2,1,1,13,TRUE,"320520344"
"250","M. Kidd-Gilchrist","F",36,7,12,0,1,4,5,1,9,10,1,2,2,1,0,18,TRUE,"320520344"
"251","T. Jones","F",33,5,12,0,1,1,3,5,1,6,1,1,1,2,3,11,TRUE,"320520344"
"252","M. Teague","G",23,3,8,2,3,0,0,0,2,2,2,0,0,3,4,8,TRUE,"320520344"
"253","D. Lamb","G",33,3,9,1,3,4,4,0,1,1,2,1,0,0,0,11,TRUE,"320520344"
"254","K. Wiltjer","F",4,0,0,0,0,0,0,0,0,0,0,0,0,1,0,0,FALSE,"320520344"
"255","E. Vargas","F",2,0,0,0,0,0,0,0,0,0,0,0,0,0,0,0,FALSE,"320520344"
"256","D. Miller","G",31,3,7,3,6,3,3,0,3,3,3,1,0,0,2,12,FALSE,"320520344"
"257","A. Davis","F",37,10,11,0,0,8,9,4,7,11,0,2,5,1,2,28,TRUE,"320560096"
"258","M. Kidd-Gilchrist","F",29,4,10,0,1,0,0,3,5,8,3,1,1,1,5,8,TRUE,"320560096"
"259","T. Jones","F",23,5,7,0,0,2,2,1,5,6,0,1,2,1,5,12,TRUE,"320560096"
"260","M. Teague","G",38,5,12,0,2,6,7,0,4,4,6,1,0,4,1,16,TRUE,"320560096"
"261","D. Lamb","G",37,4,7,1,3,0,0,0,1,1,0,0,0,1,1,9,TRUE,"320560096"
"262","K. Wiltjer","F",1,0,0,0,0,0,0,0,0,0,0,0,0,0,1,0,FALSE,"320560096"
"263","E. Vargas","F",2,0,0,0,0,1,2,0,0,0,0,0,0,0,0,1,FALSE,"320560096"
"264","D. Miller","G",33,4,9,1,4,0,0,0,3,3,2,0,0,1,3,9,FALSE,"320560096"
"265","A. Davis","F",22,4,5,1,2,0,1,2,6,8,0,1,2,0,1,9,TRUE,"320610096"
"266","M. Kidd-Gilchrist","F",24,3,5,1,1,5,6,3,4,7,0,0,2,2,1,12,TRUE,"320610096"
"267","E. Vargas","F",16,1,6,0,0,0,0,2,3,5,0,0,0,0,3,2,TRUE,"320610096"
"268","M. Teague","G",30,3,9,2,4,0,0,0,2,2,4,1,0,2,1,8,TRUE,"320610096"
"269","D. Miller","G",34,6,11,5,9,0,0,0,2,2,3,1,0,2,0,17,TRUE,"320610096"
"270","K. Wiltjer","F",19,3,5,3,4,0,0,0,2,2,3,0,0,0,2,9,FALSE,"320610096"
"271","T. Jones","F",21,4,9,0,1,1,2,3,5,8,3,0,2,1,0,9,FALSE,"320610096"
"272","J. Polson","C",4,0,0,0,0,0,0,0,0,0,0,0,0,0,0,0,FALSE,"320610096"
"273","B. Long","G",1,0,0,0,0,0,0,0,0,0,0,0,0,0,0,0,FALSE,"320610096"
"274","D. Lamb","G",25,4,7,3,6,2,2,0,2,2,3,1,0,0,1,13,FALSE,"320610096"
"275","T. Beckham","G",4,0,0,0,0,0,0,0,0,0,0,0,0,0,0,0,FALSE,"320610096"
"276","A. Davis","F",36,9,13,1,2,3,4,3,9,12,0,0,6,1,1,22,TRUE,"320640057"
"277","M. Kidd-Gilchrist","F",36,3,7,0,1,1,2,4,4,8,4,2,0,2,2,7,TRUE,"320640057"
"278","T. Jones","F",36,9,13,1,1,0,1,2,2,4,1,2,3,0,1,19,TRUE,"320640057"
"279","M. Teague","G",33,4,9,1,2,3,4,0,2,2,4,1,0,1,3,12,TRUE,"320640057"
"280","D. Lamb","G",34,2,7,1,3,0,0,0,1,1,1,0,0,0,2,5,TRUE,"320640057"
"281","K. Wiltjer","F",8,1,3,1,1,0,0,1,1,2,1,0,0,0,0,3,FALSE,"320640057"
"282","D. Miller","G",17,3,7,0,2,0,0,0,1,1,0,2,0,2,0,6,FALSE,"320640057"
"283","A. Davis","F",33,4,8,0,1,4,5,1,13,14,1,1,6,4,2,12,TRUE,"320690096"
"284","M. Kidd-Gilchrist","F",38,5,8,0,1,9,12,4,5,9,1,1,1,1,3,19,TRUE,"320690096"
"285","T. Jones","F",35,5,12,0,2,5,8,3,8,11,0,2,1,4,2,15,TRUE,"320690096"
"286","M. Teague","G",34,0,5,0,0,2,4,0,0,0,5,1,0,4,0,2,TRUE,"320690096"
"287","D. Lamb","G",36,4,7,1,3,3,4,0,3,3,0,0,0,2,3,12,TRUE,"320690096"
"288","K. Wiltjer","F",7,0,0,0,0,0,0,0,0,0,0,0,1,0,1,0,FALSE,"320690096"
"289","D. Miller","G",17,0,2,0,1,0,0,1,1,2,1,0,0,3,3,0,FALSE,"320690096"
"290","A. Davis","F",37,6,13,1,2,2,4,5,7,12,3,1,2,0,1,15,TRUE,"320700096"
"291","M. Kidd-Gilchrist","F",39,3,5,0,1,4,6,5,3,8,1,1,1,1,2,10,TRUE,"320700096"
"292","T. Jones","F",33,5,13,1,3,4,4,4,5,9,1,1,0,1,1,15,TRUE,"320700096"
"293","M. Teague","G",35,6,9,0,1,3,4,1,2,3,5,1,0,3,1,15,TRUE,"320700096"
"294","D. Lamb","G",36,6,14,2,5,2,2,0,2,2,0,0,0,0,1,16,TRUE,"320700096"
"295","K. Wiltjer","F",7,1,3,1,3,0,0,0,1,1,1,0,0,0,0,3,FALSE,"320700096"
"296","D. Miller","G",13,0,3,0,2,0,0,0,1,1,3,1,1,1,2,0,FALSE,"320700096"
"297","A. Davis","F",34,4,9,0,3,4,8,4,6,10,2,1,3,0,3,12,TRUE,"320710096"
"298","T. Jones","F",33,5,11,1,3,1,3,4,7,11,0,2,1,2,3,12,TRUE,"320710096"
"299","M. Teague","G",37,0,7,0,2,0,0,1,2,3,6,1,0,0,3,0,TRUE,"320710096"
"300","D. Lamb","G",32,2,11,1,7,6,6,1,0,1,0,0,0,2,4,11,TRUE,"320710096"
"301","D. Miller","G",35,7,17,2,9,0,0,1,2,3,4,2,1,1,1,16,TRUE,"320710096"
"302","K. Wiltjer","F",11,3,4,2,3,0,0,0,1,1,0,0,3,1,2,8,FALSE,"320710096"
"303","M. Kidd-Gilchrist","F",16,2,4,0,1,1,2,0,0,0,0,0,0,2,5,5,FALSE,"320710096"
"304","E. Vargas","F",2,0,1,0,0,0,0,1,0,1,0,0,0,0,1,0,FALSE,"320710096"
"305","T. BeckhamT. BeckhamG",NA,0,0,0,0,0,0,0,0,0,0,0,0,0,0,0,0,FALSE,"320710096"
"306","A. Davis","F",36,5,8,0,0,6,8,2,7,9,3,1,7,0,0,16,TRUE,"320750096"
"307","M. Kidd-Gilchrist","F",34,4,8,0,1,1,3,1,6,7,2,0,1,2,3,9,TRUE,"320750096"
"308","T. Jones","F",35,9,13,1,2,3,3,2,8,10,2,1,0,1,2,22,TRUE,"320750096"
"309","M. Teague","G",32,3,7,0,1,6,8,0,2,2,4,0,0,3,1,12,TRUE,"320750096"
"310","D. Lamb","G",29,7,12,2,4,0,0,1,3,4,0,0,0,3,2,16,TRUE,"320750096"
"311","K. Wiltjer","F",8,0,2,0,2,0,0,1,1,2,0,0,1,3,3,0,FALSE,"320750096"
"312","E. Vargas","F",0,0,0,0,0,0,0,1,0,1,0,0,0,0,0,0,FALSE,"320750096"
"313","J. Polson","C",0,0,0,0,0,0,0,0,0,0,0,0,0,0,0,0,FALSE,"320750096"
"314","B. Long","G",0,0,0,0,0,0,0,0,0,0,0,0,0,0,0,0,FALSE,"320750096"
"315","D. Miller","G",26,2,4,0,0,2,3,1,3,4,3,0,0,0,3,6,FALSE,"320750096"
"316","T. Beckham","G",0,0,0,0,0,0,0,0,0,0,0,0,0,0,0,0,FALSE,"320750096"
"317","A. Davis","F",40,4,9,0,1,7,9,4,8,12,5,0,2,3,2,15,TRUE,"320770096"
"318","M. Kidd-Gilchrist","F",33,1,4,0,1,0,0,2,5,7,1,0,0,2,2,2,TRUE,"320770096"
"319","T. Jones","F",33,3,9,0,1,2,4,4,7,11,3,1,2,1,5,8,TRUE,"320770096"
"320","M. Teague","G",36,10,14,1,3,3,5,1,3,4,7,1,0,2,2,24,TRUE,"320770096"
"321","D. Lamb","G",20,5,8,5,7,1,2,0,0,0,0,0,0,1,4,16,TRUE,"320770096"
"322","K. Wiltjer","F",3,1,1,1,1,0,0,0,0,0,0,0,0,0,1,3,FALSE,"320770096"
"323","D. Miller","G",35,7,11,3,6,2,2,1,5,6,3,0,1,1,3,19,FALSE,"320770096"
"324","A. Davis","F",25,2,5,0,1,5,6,2,10,12,2,0,3,0,2,9,TRUE,"320830096"
"325","M. Kidd-Gilchrist","F",34,7,15,0,1,10,10,6,4,10,1,0,0,2,2,24,TRUE,"320830096"
"326","T. Jones","F",27,5,9,1,2,1,2,3,2,5,0,1,1,1,3,12,TRUE,"320830096"
"327","M. Teague","G",36,4,14,0,2,6,6,0,3,3,7,1,0,2,3,14,TRUE,"320830096"
"328","D. Lamb","G",38,6,10,1,1,8,8,0,3,3,2,1,0,1,2,21,TRUE,"320830096"
"329","K. Wiltjer","F",6,1,2,1,1,0,0,0,0,0,0,0,0,0,1,3,FALSE,"320830096"
"330","E. Vargas","F",2,0,1,0,0,0,0,1,0,1,0,0,0,0,1,0,FALSE,"320830096"
"331","D. Miller","G",32,6,8,2,2,5,5,2,1,3,0,0,0,0,4,19,FALSE,"320830096"
"332","T. Beckham","G",0,0,0,0,0,0,0,0,0,0,0,0,0,0,0,0,FALSE,"320830096"
"333","A. Davis","F",32,6,9,0,0,6,8,3,8,11,1,2,6,0,4,18,TRUE,"320850096"
"334","M. Kidd-Gilchrist","F",27,7,10,1,1,4,4,2,3,5,1,0,0,3,5,19,TRUE,"320850096"
"335","T. Jones","F",35,3,7,0,1,6,12,2,7,9,6,2,3,2,1,12,TRUE,"320850096"
"336","M. Teague","G",30,2,4,1,1,3,4,0,3,3,3,1,0,4,3,8,TRUE,"320850096"
"337","D. Lamb","G",32,3,7,1,3,7,12,0,1,1,1,2,0,2,2,14,TRUE,"320850096"
"338","K. Wiltjer","F",7,1,2,1,1,0,0,0,0,0,0,0,0,0,1,3,FALSE,"320850096"
"339","E. Vargas","F",2,0,0,0,0,0,0,0,0,0,0,0,0,0,0,0,FALSE,"320850096"
"340","D. Miller","G",35,2,6,0,2,4,4,0,0,0,3,2,0,1,2,8,FALSE,"320850096"
"341","A. Davis","F",39,7,8,0,0,4,6,2,12,14,2,1,5,3,2,18,TRUE,"320910096"
"342","M. Kidd-Gilchrist","F",23,4,6,0,0,1,4,0,4,4,1,0,0,4,3,9,TRUE,"320910096"
"343","T. Jones","F",33,3,8,0,0,0,3,2,5,7,0,2,2,0,2,6,TRUE,"320910096"
"344","M. Teague","G",33,4,8,0,0,0,0,0,2,2,5,1,0,2,4,8,TRUE,"320910096"
"345","D. Lamb","G",35,4,9,0,2,2,3,0,1,1,1,0,0,4,1,10,TRUE,"320910096"
"346","K. Wiltjer","F",8,2,3,1,1,0,0,1,0,1,0,1,0,0,0,5,FALSE,"320910096"
"347","E. Vargas","F",0,0,0,0,0,0,0,0,0,0,0,0,0,0,0,0,FALSE,"320910096"
"348","D. Miller","G",29,4,7,1,4,4,4,0,3,3,0,2,0,1,2,13,FALSE,"320910096"
"349","A. Davis","F",36,1,10,0,0,4,6,4,12,16,5,3,6,3,2,6,TRUE,"320930096"
"350","M. Kidd-Gilchrist","F",35,4,7,0,1,3,4,2,4,6,1,0,1,1,2,11,TRUE,"320930096"
"351","T. Jones","F",29,4,7,0,1,1,2,1,6,7,0,1,2,2,4,9,TRUE,"320930096"
"352","M. Teague","G",34,5,14,2,3,2,3,1,1,2,3,0,0,2,2,14,TRUE,"320930096"
"353","D. Lamb","G",35,7,12,3,6,5,6,1,1,2,3,0,0,1,2,22,TRUE,"320930096"
"354","K. Wiltjer","F",3,0,1,0,1,0,0,0,0,0,0,0,0,0,0,0,FALSE,"320930096"
"355","E. Vargas","F",3,0,0,0,0,0,0,0,0,0,0,0,0,0,1,0,FALSE,"320930096"
"356","D. Miller","G",25,2,5,1,2,0,0,1,5,6,0,0,2,2,2,5,FALSE,"320930096"
