"","player","position","MIN","FGM","FGA","3PTM","3PTA","FTM","FTA","OREB","DREB","REB","AST","STL","BLK","TO","PF","PTS","GP","GS"
"1","B. Knight","G",35.8684210526316,5.71052631578947,13.5,2.28947368421053,6.07894736842105,3.57894736842105,4.5,0.657894736842105,3.36842105263158,4.02631578947368,4.18421052631579,0.657894736842105,0.210526315789474,3.15789473684211,2.18421052631579,17.2894736842105,38,38
"2","D. Lamb","G",28.3684210526316,4.23684210526316,8.52631578947368,1.78947368421053,3.68421052631579,2.07894736842105,2.63157894736842,0.5,1.47368421052632,1.97368421052632,1.63157894736842,0.578947368421053,0.157894736842105,1.31578947368421,2.23684210526316,12.3421052631579,38,14
"3","D. Liggins","G",31.6052631578947,2.94736842105263,6.94736842105263,0.947368421052632,2.42105263157895,1.78947368421053,2.76315789473684,0.578947368421053,3.44736842105263,4.02631578947368,2.52631578947368,1.21052631578947,0.736842105263158,1.44736842105263,2.47368421052632,8.63157894736842,38,28
"4","D. Miller","G",31,3.92105263157895,8.21052631578947,1.52631578947368,3.44736842105263,1.52631578947368,1.78947368421053,1.34210526315789,3.21052631578947,4.55263157894737,1.73684210526316,0.842105263157895,1.13157894736842,1.5,2.63157894736842,10.8947368421053,38,37
"5","E. Vargas","F",7.68421052631579,0.5,1.13157894736842,0,0,0.5,0.815789473684211,0.921052631578947,1.10526315789474,2.02631578947368,0.105263157894737,0.131578947368421,0.605263157894737,0.315789473684211,1.02631578947368,1.5,38,0
"6","J. Harrellson","F",28.5,3.34210526315789,5.47368421052632,0.0526315789473684,0.263157894736842,0.868421052631579,1.47368421052632,3.68421052631579,4.97368421052632,8.6578947368421,0.789473684210526,0.921052631578947,1.5,0.736842105263158,2.39473684210526,7.60526315789474,38,38
"7","J. Hood","C",4.78787878787879,0.272727272727273,1.12121212121212,0.0909090909090909,0.575757575757576,0.151515151515152,0.272727272727273,0.272727272727273,0.393939393939394,0.666666666666667,0.121212121212121,0.0909090909090909,0.0606060606060606,0.0606060606060606,0.333333333333333,0.787878787878788,33,0
"8","J. Polson","C",1.82352941176471,0.0588235294117647,0.411764705882353,0,0.0588235294117647,0.235294117647059,0.235294117647059,0,0.117647058823529,0.117647058823529,0,0,0,0.176470588235294,0.117647058823529,0.352941176470588,17,0
"9","S. Poole, Jr.","G",2.8125,0.0625,0.5625,0.0625,0.25,0.0625,0.125,0.1875,0.3125,0.5,0.0625,0,0,0.0625,0.25,0.25,16,0
"10","T. Jones","F",31.4736842105263,5.42105263157895,12.2631578947368,0.684210526315789,2.07894736842105,4.13157894736842,6.39473684210526,2.42105263157895,6.42105263157895,8.8421052631579,1.57894736842105,1.13157894736842,1.89473684210526,1.97368421052632,2.39473684210526,15.6578947368421,38,35
