"","player","position","MIN","FGM","FGA","3PTM","3PTA","FTM","FTA","OREB","DREB","REB","AST","STL","BLK","TO","PF","PTS","starter","game_id"
"1","T. Jones","F",35,10,19,2,3,3,10,5,7,12,2,3,2,0,2,25,TRUE,"303160096"
"2","J. Harrellson","F",16,1,2,0,0,0,0,4,3,7,0,0,3,1,4,2,TRUE,"303160096"
"3","B. Knight","G",32,6,13,4,7,1,4,1,3,4,5,0,0,2,2,17,TRUE,"303160096"
"4","D. Liggins","G",37,5,10,2,4,2,3,0,3,3,6,0,0,3,1,14,TRUE,"303160096"
"5","D. Miller","G",31,3,9,2,5,0,0,3,8,11,1,1,1,3,2,8,TRUE,"303160096"
"6","E. Vargas","F",13,0,1,0,0,0,0,2,2,4,1,0,1,0,2,0,FALSE,"303160096"
"7","J. Polson","C",1,0,0,0,0,0,0,0,0,0,0,0,0,0,0,0,FALSE,"303160096"
"8","J. Hood","C",6,1,3,0,2,0,1,1,0,1,0,0,0,0,1,2,FALSE,"303160096"
"9","S. Poole, Jr.","G",1,0,1,0,0,0,0,0,1,1,0,0,0,0,0,0,FALSE,"303160096"
"10","D. Lamb","G",28,7,10,3,5,3,5,0,5,5,3,0,0,1,1,20,FALSE,"303160096"
"11","T. Jones","F",30,5,14,0,2,2,5,2,3,5,3,0,2,4,4,12,TRUE,"303232501"
"12","J. Harrellson","F",23,3,4,0,0,0,0,4,8,12,0,0,0,0,2,6,TRUE,"303232501"
"13","B. Knight","G",32,7,13,2,5,5,5,0,3,3,1,0,2,3,1,21,TRUE,"303232501"
"14","D. Liggins","G",31,1,4,0,1,4,4,0,2,2,2,1,0,1,1,6,TRUE,"303232501"
"15","D. Miller","G",30,6,7,3,4,0,0,1,4,5,4,5,4,2,4,15,TRUE,"303232501"
"16","E. Vargas","F",14,2,2,0,0,0,0,1,3,4,0,0,1,0,2,4,FALSE,"303232501"
"17","J. Polson","C",2,0,1,0,1,0,0,0,0,0,0,0,0,0,1,0,FALSE,"303232501"
"18","J. Hood","C",12,0,1,0,1,2,4,2,1,3,0,0,0,0,0,2,FALSE,"303232501"
"19","S. Poole, Jr.","G",2,0,0,0,0,0,0,0,0,0,0,0,0,0,0,0,FALSE,"303232501"
"20","D. Lamb","G",24,4,5,3,4,2,2,1,2,3,1,0,0,1,2,13,FALSE,"303232501"
"21","T. Jones","F",35,12,17,0,2,5,9,4,9,13,3,2,4,2,2,29,TRUE,"303260096"
"22","J. Harrellson","F",20,1,3,0,0,0,0,2,1,3,0,0,0,0,4,2,TRUE,"303260096"
"23","B. Knight","G",35,4,15,2,8,3,5,0,2,2,3,0,0,5,2,13,TRUE,"303260096"
"24","D. Liggins","G",35,5,9,2,4,0,2,0,5,5,4,3,0,1,2,12,TRUE,"303260096"
"25","D. Miller","G",26,2,5,1,3,0,0,2,3,5,0,1,1,0,4,5,TRUE,"303260096"
"26","E. Vargas","F",16,1,1,0,0,0,0,1,3,4,1,0,0,1,2,2,FALSE,"303260096"
"27","J. Hood","C",3,0,0,0,0,1,2,0,2,2,0,0,0,0,0,1,FALSE,"303260096"
"28","D. Lamb","G",30,4,8,2,3,2,4,1,2,3,2,1,0,2,1,12,FALSE,"303260096"
"29","T. Jones","F",36,4,13,0,2,8,14,4,13,17,2,1,4,2,4,16,TRUE,"303270264"
"30","J. Harrellson","F",34,4,6,1,2,0,0,7,7,14,1,1,2,2,1,9,TRUE,"303270264"
"31","B. Knight","G",28,10,17,1,6,3,6,2,2,4,0,1,0,8,4,24,TRUE,"303270264"
"32","D. Liggins","G",26,2,7,0,0,3,6,0,4,4,2,3,1,1,3,7,TRUE,"303270264"
"33","D. Miller","G",24,2,5,1,2,3,4,2,1,3,1,1,1,1,4,8,TRUE,"303270264"
"34","E. Vargas","F",6,1,1,0,0,2,2,1,0,1,0,0,0,0,1,4,FALSE,"303270264"
"35","J. Polson","C",1,0,0,0,0,0,0,0,0,0,0,0,0,0,0,0,FALSE,"303270264"
"36","J. Hood","C",9,0,3,0,2,0,0,1,0,1,0,1,0,0,0,0,FALSE,"303270264"
"37","S. Poole, Jr.","G",8,0,2,0,1,0,0,0,0,0,0,0,0,0,1,0,FALSE,"303270264"
"38","D. Lamb","G",28,2,10,0,2,2,2,0,1,1,1,0,1,1,4,6,FALSE,"303270264"
"39","T. Jones","F",27,6,11,4,4,8,9,2,2,4,1,2,2,0,4,24,TRUE,"303280096"
"40","J. Harrellson","F",25,0,1,0,0,0,0,1,5,6,0,1,2,0,2,0,TRUE,"303280096"
"41","B. Knight","G",38,3,15,0,8,0,1,0,2,2,5,1,0,5,3,6,TRUE,"303280096"
"42","D. Liggins","G",38,3,10,0,2,2,3,1,2,3,1,1,0,4,2,8,TRUE,"303280096"
"43","D. Miller","G",29,6,14,2,5,1,3,3,1,4,2,0,0,0,3,15,TRUE,"303280096"
"44","E. Vargas","F",19,1,2,0,0,4,4,3,3,6,0,1,2,0,1,6,FALSE,"303280096"
"45","J. Hood","C",10,1,2,1,1,0,0,2,1,3,0,0,0,0,0,3,FALSE,"303280096"
"46","S. Poole, Jr.","G",0,0,0,0,0,0,0,0,0,0,0,0,0,0,0,0,FALSE,"303280096"
"47","D. Lamb","G",14,2,5,1,2,0,0,0,0,0,0,0,0,2,3,5,FALSE,"303280096"
"48","T. Jones","F",35,7,12,1,3,3,5,3,7,10,2,1,1,3,1,18,TRUE,"303340096"
"49","J. Harrellson","F",23,6,7,0,0,0,0,4,7,11,0,0,1,1,3,12,TRUE,"303340096"
"50","B. Knight","G",34,8,12,4,6,3,3,0,6,6,6,1,1,4,2,23,TRUE,"303340096"
"51","D. Liggins","G",28,2,6,1,1,4,6,1,3,4,4,1,3,0,1,9,TRUE,"303340096"
"52","D. Miller","G",19,3,3,2,2,0,0,0,2,2,3,1,2,2,4,8,TRUE,"303340096"
"53","E. Vargas","F",17,0,2,0,0,4,6,2,2,4,0,0,2,0,1,4,FALSE,"303340096"
"54","J. Polson","C",4,0,1,0,0,2,2,0,0,0,0,0,0,0,0,2,FALSE,"303340096"
"55","J. Hood","C",9,1,2,0,0,0,0,0,0,0,0,0,0,0,1,2,FALSE,"303340096"
"56","S. Poole, Jr.","G",4,0,0,0,0,0,0,0,0,0,1,0,0,1,1,0,FALSE,"303340096"
"57","D. Lamb","G",27,5,9,2,4,1,2,0,2,2,5,1,0,2,1,13,FALSE,"303340096"
"58","T. Jones","F",28,3,17,0,3,3,6,1,5,6,0,1,1,1,5,9,TRUE,"303380153"
"59","J. Harrellson","F",21,2,2,0,0,0,0,4,3,7,1,1,0,1,5,4,TRUE,"303380153"
"60","B. Knight","G",36,5,12,3,7,2,3,0,2,2,4,3,0,6,5,15,TRUE,"303380153"
"61","D. Liggins","G",37,3,9,0,2,2,2,0,6,6,4,2,1,0,3,8,TRUE,"303380153"
"62","D. Miller","G",34,4,8,3,5,2,2,0,7,7,0,0,1,2,3,13,TRUE,"303380153"
"63","E. Vargas","F",9,0,2,0,0,0,0,1,1,2,0,0,0,1,5,0,FALSE,"303380153"
"64","J. Polson","C",1,0,0,0,0,0,0,0,0,0,0,0,0,0,0,0,FALSE,"303380153"
"65","J. Hood","C",2,0,0,0,0,0,0,0,0,0,0,0,0,0,0,0,FALSE,"303380153"
"66","D. Lamb","G",32,7,12,3,4,7,8,0,2,2,3,1,0,0,0,24,FALSE,"303380153"
"67","T. Jones","F",38,9,18,2,5,7,10,2,15,17,3,1,2,1,0,27,TRUE,"303420096"
"68","J. Harrellson","F",20,0,2,0,0,0,0,4,5,9,0,1,0,1,2,0,TRUE,"303420096"
"69","B. Knight","G",39,7,17,2,6,4,4,1,3,4,5,1,0,2,4,20,TRUE,"303420096"
"70","D. Liggins","G",26,2,4,2,4,0,0,1,0,1,0,0,0,3,2,6,TRUE,"303420096"
"71","D. Miller","G",37,1,5,1,2,4,6,2,3,5,2,0,0,2,3,7,TRUE,"303420096"
"72","E. Vargas","F",9,0,0,0,0,0,0,0,1,1,0,1,0,0,0,0,FALSE,"303420096"
"73","J. Hood","C",4,1,2,1,1,0,0,0,0,0,0,0,0,0,2,3,FALSE,"303420096"
"74","S. Poole, Jr.","G",2,1,1,1,1,0,0,1,0,1,0,0,0,0,0,3,FALSE,"303420096"
"75","D. Lamb","G",25,2,8,0,5,2,2,0,2,2,1,0,0,0,3,6,FALSE,"303420096"
"76","T. Jones","F",24,3,11,0,2,4,7,2,6,8,1,3,2,3,3,10,TRUE,"303450096"
"77","J. Harrellson","F",29,5,9,0,0,4,4,6,6,12,0,0,2,0,1,14,TRUE,"303450096"
"78","B. Knight","G",29,3,8,2,6,10,10,2,4,6,4,0,0,1,3,18,TRUE,"303450096"
"79","D. Liggins","G",37,5,14,1,2,8,16,3,6,9,1,2,0,0,2,19,TRUE,"303450096"
"80","D. Miller","G",25,3,8,1,2,2,2,1,1,2,2,0,0,1,5,9,TRUE,"303450096"
"81","E. Vargas","F",10,0,0,0,0,2,4,1,2,3,0,1,1,0,0,2,FALSE,"303450096"
"82","J. Polson","C",1,0,0,0,0,0,0,0,0,0,0,0,0,0,0,0,FALSE,"303450096"
"83","J. Hood","C",2,0,0,0,0,0,0,0,0,0,0,0,0,0,0,0,FALSE,"303450096"
"84","S. Poole, Jr.","G",7,0,3,0,1,0,0,1,0,1,0,0,0,0,0,0,FALSE,"303450096"
"85","D. Lamb","G",36,3,8,2,4,1,1,1,1,2,1,2,0,1,3,9,FALSE,"303450096"
"86","T. Jones","F",23,5,10,0,1,9,12,1,7,8,0,1,2,2,3,19,TRUE,"303520096"
"87","J. Harrellson","F",24,2,4,0,0,0,0,3,9,12,0,2,2,3,0,4,TRUE,"303520096"
"88","B. Knight","G",37,5,13,2,6,2,4,1,0,1,4,1,2,2,2,14,TRUE,"303520096"
"89","D. Liggins","G",38,6,11,2,5,2,4,1,4,5,0,1,0,1,1,16,TRUE,"303520096"
"90","D. Miller","G",30,4,7,1,2,5,5,0,3,3,5,2,3,2,1,14,TRUE,"303520096"
"91","E. Vargas","F",10,1,2,0,0,0,0,2,4,6,0,0,1,0,2,2,FALSE,"303520096"
"92","J. Hood","C",2,0,0,0,0,0,0,0,0,0,0,0,0,0,0,0,FALSE,"303520096"
"93","D. Lamb","G",36,4,12,2,4,6,7,1,1,2,2,0,1,2,1,16,FALSE,"303520096"
"94","T. Jones","F",25,5,16,1,3,0,1,2,4,6,1,0,0,2,1,11,TRUE,"303560096"
"95","J. Harrellson","F",30,1,3,0,0,0,0,1,9,10,0,0,2,0,1,2,TRUE,"303560096"
"96","B. Knight","G",33,8,15,2,5,3,3,0,5,5,2,0,0,4,0,21,TRUE,"303560096"
"97","D. Liggins","G",30,2,3,2,3,3,3,1,2,3,9,1,0,2,1,9,TRUE,"303560096"
"98","D. Miller","G",25,1,4,0,2,2,2,1,8,9,2,0,0,1,1,4,TRUE,"303560096"
"99","E. Vargas","F",13,4,7,0,0,0,1,2,1,3,0,1,3,1,1,8,FALSE,"303560096"
"100","J. Polson","C",3,1,1,0,0,0,0,0,0,0,0,0,0,1,0,2,FALSE,"303560096"
"101","J. Hood","C",9,0,2,0,1,0,0,1,0,1,1,0,0,0,1,0,FALSE,"303560096"
"102","S. Poole, Jr.","G",3,0,0,0,0,0,0,0,2,2,0,0,0,0,0,0,FALSE,"303560096"
"103","D. Lamb","G",29,11,12,7,8,3,3,0,1,1,2,1,0,0,2,32,FALSE,"303560096"
"104","T. Jones","F",28,9,12,0,1,0,0,1,5,6,2,0,1,3,3,18,TRUE,"303620096"
"105","J. Harrellson","F",21,4,5,0,0,2,2,3,1,4,0,0,1,0,2,10,TRUE,"303620096"
"106","B. Knight","G",33,6,11,3,5,2,2,0,4,4,8,0,0,2,1,17,TRUE,"303620096"
"107","D. Liggins","G",27,4,8,1,4,1,1,2,6,8,6,0,0,2,2,10,TRUE,"303620096"
"108","D. Miller","G",27,3,5,1,3,0,0,2,4,6,4,2,1,1,4,7,TRUE,"303620096"
"109","E. Vargas","F",11,1,1,0,0,2,4,0,1,1,0,0,3,0,1,4,FALSE,"303620096"
"110","J. Polson","C",3,0,1,0,0,0,0,0,1,1,0,0,0,1,0,0,FALSE,"303620096"
"111","J. Hood","C",14,2,7,1,4,2,2,0,1,1,0,0,1,0,0,7,FALSE,"303620096"
"112","S. Poole, Jr.","G",6,0,0,0,0,1,2,1,1,2,0,0,0,0,0,1,FALSE,"303620096"
"113","D. Lamb","G",30,6,11,2,5,3,3,1,4,5,1,0,0,3,2,17,FALSE,"303620096"
"114","T. Jones","F",33,5,11,0,2,2,2,3,5,8,5,1,3,1,2,12,TRUE,"303650097"
"115","J. Harrellson","F",37,10,12,1,1,2,3,6,8,14,2,1,1,1,3,23,TRUE,"303650097"
"116","B. Knight","G",36,7,13,4,6,7,8,1,2,3,4,0,0,5,2,25,TRUE,"303650097"
"117","D. Liggins","G",39,1,7,0,4,0,0,0,4,4,2,4,2,4,2,2,TRUE,"303650097"
"118","D. Miller","G",29,3,6,0,1,1,1,1,2,3,0,0,1,2,4,7,TRUE,"303650097"
"119","E. Vargas","F",2,0,2,0,0,0,0,0,0,0,0,0,0,0,0,0,FALSE,"303650097"
"120","J. Hood","C",1,0,0,0,0,0,0,0,0,0,0,0,0,0,0,0,FALSE,"303650097"
"121","D. Lamb","G",23,3,6,1,2,2,2,2,1,3,1,0,0,0,2,9,FALSE,"303650097"
"122","T. Jones","F",25,3,6,0,0,4,6,2,6,8,2,1,1,2,3,10,TRUE,"310030096"
"123","J. Harrellson","F",30,5,7,0,0,2,2,7,4,11,2,0,6,1,0,12,TRUE,"310030096"
"124","B. Knight","G",33,8,12,4,7,2,2,0,2,2,4,1,0,0,2,22,TRUE,"310030096"
"125","D. Liggins","G",35,2,7,1,4,2,2,1,1,2,4,2,1,3,2,7,TRUE,"310030096"
"126","D. Miller","G",30,5,7,1,1,0,0,3,4,7,6,2,2,3,0,11,TRUE,"310030096"
"127","E. Vargas","F",10,2,5,0,0,0,0,1,1,2,0,0,0,2,0,4,FALSE,"310030096"
"128","J. Polson","C",1,0,0,0,0,2,2,0,0,0,0,0,0,0,0,2,FALSE,"310030096"
"129","J. Hood","C",2,1,1,0,0,0,0,0,1,1,0,0,0,0,1,2,FALSE,"310030096"
"130","S. Poole, Jr.","G",1,0,0,0,0,0,0,0,0,0,0,0,0,0,0,0,FALSE,"310030096"
"131","D. Lamb","G",33,6,11,2,5,2,3,0,3,3,2,0,1,1,2,16,FALSE,"310030096"
"132","T. Jones","F",23,9,18,2,5,4,4,3,7,10,0,0,0,2,4,24,TRUE,"310080061"
"133","J. Harrellson","F",30,2,4,0,0,0,2,5,6,11,2,3,1,0,2,4,TRUE,"310080061"
"134","B. Knight","G",40,5,11,0,3,0,1,1,4,5,3,0,0,1,1,10,TRUE,"310080061"
"135","D. Liggins","G",31,2,9,1,3,2,4,0,1,1,0,0,0,2,5,7,TRUE,"310080061"
"136","D. Miller","G",32,2,11,1,3,2,2,2,2,4,3,0,1,1,5,7,TRUE,"310080061"
"137","E. Vargas","F",4,0,0,0,0,0,0,0,0,0,0,0,1,0,2,0,FALSE,"310080061"
"138","J. Hood","C",4,0,0,0,0,0,0,0,1,1,0,0,0,0,0,0,FALSE,"310080061"
"139","D. Lamb","G",36,7,18,2,6,2,3,0,2,2,1,2,0,2,5,18,FALSE,"310080061"
"140","J. Harrellson","F",25,4,6,0,1,0,0,2,2,4,0,0,3,1,3,8,TRUE,"310110096"
"141","D. Lamb","G",31,3,7,2,5,0,0,2,1,3,7,2,1,4,1,8,TRUE,"310110096"
"142","B. Knight","G",39,5,13,3,7,0,0,0,5,5,6,0,1,4,1,13,TRUE,"310110096"
"143","D. Liggins","G",27,2,2,0,0,0,2,1,4,5,4,1,0,2,3,4,TRUE,"310110096"
"144","D. Miller","G",28,4,9,2,6,0,0,0,6,6,1,0,1,0,3,10,TRUE,"310110096"
"145","T. Jones","F",30,11,17,4,5,9,13,3,5,8,0,3,2,2,2,35,FALSE,"310110096"
"146","E. Vargas","F",9,0,2,0,0,0,2,2,1,3,0,0,1,1,1,0,FALSE,"310110096"
"147","J. Polson","C",1,0,0,0,0,0,0,0,0,0,0,0,0,0,0,0,FALSE,"310110096"
"148","J. Hood","C",6,0,1,0,1,0,0,1,1,2,0,0,0,0,0,0,FALSE,"310110096"
"149","S. Poole, Jr.","G",4,0,1,0,1,0,0,0,0,0,0,0,0,0,1,0,FALSE,"310110096"
"150","J. Harrellson","F",24,1,6,0,0,0,1,5,9,14,0,2,3,2,2,2,TRUE,"310150096"
"151","D. Lamb","G",22,3,7,1,2,3,3,2,2,4,5,1,0,1,2,10,TRUE,"310150096"
"152","B. Knight","G",32,7,14,5,7,0,0,1,5,6,2,2,0,1,0,19,TRUE,"310150096"
"153","D. Liggins","G",32,6,10,3,3,0,0,0,1,1,3,2,1,0,1,15,TRUE,"310150096"
"154","D. Miller","G",26,7,11,1,4,0,0,0,4,4,0,2,1,1,2,15,TRUE,"310150096"
"155","T. Jones","F",23,3,12,0,2,11,14,3,4,7,0,0,1,2,2,17,FALSE,"310150096"
"156","E. Vargas","F",14,1,3,0,0,0,0,2,2,4,0,0,0,0,1,2,FALSE,"310150096"
"157","J. Polson","C",3,0,0,0,0,0,0,0,0,0,0,0,0,0,0,0,FALSE,"310150096"
"158","J. Hood","C",20,1,6,0,2,0,0,1,3,4,3,1,0,0,2,2,FALSE,"310150096"
"159","S. Poole, Jr.","G",4,0,1,0,0,0,0,0,1,1,0,0,0,0,1,0,FALSE,"310150096"
"160","J. Harrellson","F",21,1,6,0,0,1,4,5,4,9,0,0,2,0,2,3,TRUE,"310180333"
"161","D. Lamb","G",39,6,14,2,6,2,2,2,0,2,2,1,0,3,3,16,TRUE,"310180333"
"162","B. Knight","G",40,5,15,3,8,1,2,1,3,4,3,3,0,3,4,14,TRUE,"310180333"
"163","D. Liggins","G",31,1,4,0,1,2,4,1,0,1,4,1,2,0,3,4,TRUE,"310180333"
"164","D. Miller","G",31,5,8,2,3,0,0,3,1,4,0,2,1,1,2,12,TRUE,"310180333"
"165","T. Jones","F",31,5,13,0,2,7,10,4,5,9,2,2,3,4,4,17,FALSE,"310180333"
"166","E. Vargas","F",3,0,0,0,0,0,0,0,0,0,0,0,0,1,0,0,FALSE,"310180333"
"167","J. Hood","C",4,0,1,0,1,0,0,0,0,0,0,0,0,0,0,0,FALSE,"310180333"
"168","T. Jones","F",37,5,13,0,1,4,6,1,6,7,1,3,2,2,2,14,TRUE,"310222579"
"169","J. Harrellson","F",26,1,2,0,0,0,0,2,3,5,0,0,2,0,4,2,TRUE,"310222579"
"170","B. Knight","G",35,6,10,2,5,9,10,1,6,7,2,1,0,5,3,23,TRUE,"310222579"
"171","D. Liggins","G",36,0,7,0,4,1,2,1,6,7,3,1,0,0,3,1,TRUE,"310222579"
"172","D. Miller","G",39,7,12,1,2,3,3,1,4,5,0,0,2,4,2,18,TRUE,"310222579"
"173","E. Vargas","F",4,0,0,0,0,0,0,0,0,0,0,0,0,1,0,0,FALSE,"310222579"
"174","J. Polson","C",3,0,1,0,0,0,0,0,0,0,0,0,0,0,0,0,FALSE,"310222579"
"175","J. Hood","C",4,0,0,0,0,0,0,0,0,0,0,0,0,0,0,0,FALSE,"310222579"
"176","D. Lamb","G",16,1,2,0,1,7,8,0,0,0,2,0,0,2,4,9,FALSE,"310222579"
"177","T. Jones","F",26,3,6,0,1,1,2,0,7,7,1,1,1,2,3,7,TRUE,"310290096"
"178","J. Harrellson","F",30,1,2,0,0,2,3,1,7,8,0,3,2,0,4,4,TRUE,"310290096"
"179","B. Knight","G",40,4,12,2,7,1,3,1,4,5,4,0,0,2,2,11,TRUE,"310290096"
"180","D. Liggins","G",36,3,10,0,0,5,8,0,2,2,1,2,1,1,2,11,TRUE,"310290096"
"181","D. Miller","G",32,4,10,1,3,5,7,2,5,7,0,0,0,4,2,14,TRUE,"310290096"
"182","E. Vargas","F",5,0,0,0,0,0,0,0,0,0,0,0,1,0,0,0,FALSE,"310290096"
"183","D. Lamb","G",31,7,11,3,6,2,2,0,2,2,2,0,0,0,1,19,FALSE,"310290096"
"184","T. Jones","F",37,7,15,0,2,8,11,4,8,12,2,1,4,2,2,22,TRUE,"310320145"
"185","J. Harrellson","F",27,1,3,0,0,0,0,2,5,7,2,0,1,1,3,2,TRUE,"310320145"
"186","B. Knight","G",35,5,11,1,2,4,5,0,7,7,4,0,0,6,2,15,TRUE,"310320145"
"187","D. Liggins","G",22,2,4,1,2,0,0,0,4,4,0,1,1,1,4,5,TRUE,"310320145"
"188","D. Miller","G",31,1,4,1,2,0,0,1,0,1,1,0,0,4,1,3,TRUE,"310320145"
"189","E. Vargas","F",7,1,1,0,0,0,0,1,0,1,0,0,0,1,0,2,FALSE,"310320145"
"190","J. Hood","C",6,0,0,0,0,0,0,0,1,1,0,0,1,0,0,0,FALSE,"310320145"
"191","D. Lamb","G",35,8,13,2,5,2,2,0,2,2,3,1,0,3,4,20,FALSE,"310320145"
"192","T. Jones","F",38,7,18,1,4,3,5,1,6,7,2,0,2,1,2,18,TRUE,"310360057"
"193","J. Harrellson","F",19,2,3,0,0,0,0,0,3,3,1,2,1,0,5,4,TRUE,"310360057"
"194","B. Knight","G",36,7,14,4,5,6,6,0,5,5,4,0,1,4,3,24,TRUE,"310360057"
"195","D. Liggins","G",27,2,2,0,0,0,0,0,2,2,1,0,1,2,4,4,TRUE,"310360057"
"196","D. Miller","G",34,4,7,1,1,0,0,1,1,2,2,1,0,1,3,9,TRUE,"310360057"
"197","E. Vargas","F",14,1,2,0,0,0,0,1,3,4,1,0,0,0,1,2,FALSE,"310360057"
"198","J. Polson","C",1,0,2,0,0,0,0,0,1,1,0,0,0,1,0,0,FALSE,"310360057"
"199","J. Hood","C",3,1,1,0,0,0,0,0,0,0,0,0,0,0,0,2,FALSE,"310360057"
"200","D. Lamb","G",28,1,5,1,2,2,2,0,3,3,3,3,0,2,1,5,FALSE,"310360057"
"201","T. Jones","F",32,2,9,0,0,6,6,5,6,11,2,0,4,8,2,10,TRUE,"310390096"
"202","J. Harrellson","F",30,7,8,0,1,2,4,4,2,6,2,2,1,2,3,16,TRUE,"310390096"
"203","B. Knight","G",30,4,9,2,7,2,3,1,2,3,3,0,0,2,3,12,TRUE,"310390096"
"204","D. Liggins","G",37,5,6,2,2,7,8,0,5,5,3,5,0,2,2,19,TRUE,"310390096"
"205","D. Miller","G",34,1,7,1,4,4,4,2,4,6,2,0,0,1,2,7,TRUE,"310390096"
"206","E. Vargas","F",7,0,2,0,0,0,0,1,1,2,0,0,0,1,0,0,FALSE,"310390096"
"207","J. Hood","C",3,0,1,0,1,0,0,0,0,0,0,0,0,0,1,0,FALSE,"310390096"
"208","D. Lamb","G",27,3,7,2,3,1,2,0,1,1,2,0,0,0,1,9,FALSE,"310390096"
"209","T. Jones","F",38,9,14,1,4,6,8,4,5,9,2,2,3,1,1,25,TRUE,"310430238"
"210","J. Harrellson","F",34,3,6,0,0,1,1,4,6,10,3,0,0,0,4,7,TRUE,"310430238"
"211","B. Knight","G",38,7,13,4,7,2,2,0,0,0,2,0,1,4,3,20,TRUE,"310430238"
"212","D. Liggins","G",33,4,12,1,5,1,2,1,3,4,3,1,0,3,4,10,TRUE,"310430238"
"213","D. Miller","G",18,3,8,1,4,0,0,1,2,3,1,0,2,0,2,7,TRUE,"310430238"
"214","E. Vargas","F",5,0,0,0,0,0,0,0,1,1,0,0,0,0,2,0,FALSE,"310430238"
"215","J. Polson","C",3,0,0,0,0,0,0,0,0,0,0,0,0,0,0,0,FALSE,"310430238"
"216","J. Hood","C",1,0,1,0,1,0,0,0,0,0,0,0,0,0,0,0,FALSE,"310430238"
"217","D. Lamb","G",30,2,6,0,2,4,5,1,1,2,0,0,0,0,4,8,FALSE,"310430238"
"218","T. Jones","F",35,7,11,0,1,3,5,0,10,10,5,2,0,2,4,17,TRUE,"310460096"
"219","J. Harrellson","F",35,4,8,0,1,1,2,3,3,6,1,1,2,0,2,9,TRUE,"310460096"
"220","D. Lamb","G",38,7,8,3,3,3,4,0,0,0,0,1,0,2,3,20,TRUE,"310460096"
"221","B. Knight","G",38,8,15,3,7,5,7,0,3,3,7,0,0,4,0,24,TRUE,"310460096"
"222","D. Liggins","G",15,1,5,0,3,0,0,0,3,3,0,1,0,2,2,2,TRUE,"310460096"
"223","E. Vargas","F",5,0,1,0,0,0,0,0,1,1,0,0,1,0,1,0,FALSE,"310460096"
"224","J. Hood","C",1,0,0,0,0,0,0,0,0,0,0,0,0,0,0,0,FALSE,"310460096"
"225","D. Miller","G",33,5,9,3,7,0,0,0,0,0,1,2,2,0,2,13,FALSE,"310460096"
"226","T. Jones","F",37,6,13,1,2,6,7,5,7,12,3,1,0,2,1,19,TRUE,"310500096"
"227","J. Harrellson","F",24,3,6,0,0,0,0,4,5,9,0,0,0,0,0,6,TRUE,"310500096"
"228","D. Lamb","G",32,5,11,3,5,5,6,0,1,1,1,2,0,3,1,18,TRUE,"310500096"
"229","B. Knight","G",33,4,9,0,3,4,8,1,5,6,9,1,0,1,4,12,TRUE,"310500096"
"230","D. Miller","G",37,6,10,6,8,4,4,2,7,9,0,0,3,2,2,22,TRUE,"310500096"
"231","E. Vargas","F",4,0,0,0,0,2,2,2,0,2,0,0,0,1,1,2,FALSE,"310500096"
"232","J. Polson","C",1,0,0,0,0,0,0,0,0,0,0,0,0,0,1,0,FALSE,"310500096"
"233","J. Hood","C",3,0,1,0,0,0,0,0,0,0,0,0,0,0,0,0,FALSE,"310500096"
"234","S. Poole, Jr.","G",1,0,0,0,0,0,0,0,0,0,0,0,0,0,0,0,FALSE,"310500096"
"235","D. Liggins","G",28,5,8,1,2,0,0,0,3,3,2,1,0,0,3,11,FALSE,"310500096"
"236","T. Jones","F",39,5,12,0,1,0,2,3,5,8,1,1,4,2,1,10,TRUE,"310540008"
"237","J. Harrellson","F",42,5,7,0,1,2,2,6,8,14,2,1,3,1,3,12,TRUE,"310540008"
"238","D. Lamb","G",16,1,5,0,2,0,0,0,0,0,0,0,1,1,3,2,TRUE,"310540008"
"239","B. Knight","G",43,8,23,1,8,9,9,3,5,8,5,0,0,3,4,26,TRUE,"310540008"
"240","D. Miller","G",44,5,13,1,5,2,2,4,4,8,1,1,2,0,1,13,TRUE,"310540008"
"241","E. Vargas","F",2,0,0,0,0,0,0,0,0,0,0,0,0,0,1,0,FALSE,"310540008"
"242","D. Liggins","G",39,6,11,1,2,0,0,1,4,5,1,1,1,1,3,13,FALSE,"310540008"
"243","T. Jones","F",28,4,11,0,1,0,2,2,7,9,1,1,2,2,3,8,TRUE,"310570096"
"244","J. Harrellson","F",34,3,6,0,1,0,0,6,6,12,1,0,0,1,1,6,TRUE,"310570096"
"245","D. Lamb","G",30,6,9,2,4,0,1,0,3,3,0,0,0,1,2,14,TRUE,"310570096"
"246","B. Knight","G",37,5,10,2,3,4,5,0,0,0,6,0,0,0,3,16,TRUE,"310570096"
"247","D. Miller","G",35,9,15,2,4,4,5,2,3,5,3,0,3,1,2,24,TRUE,"310570096"
"248","E. Vargas","F",5,0,0,0,0,0,0,0,1,1,0,0,2,0,0,0,FALSE,"310570096"
"249","J. Hood","C",4,0,0,0,0,0,0,0,0,0,0,0,0,0,1,0,FALSE,"310570096"
"250","S. Poole, Jr.","G",0,0,0,0,0,0,0,0,0,0,0,0,0,0,0,0,FALSE,"310570096"
"251","D. Liggins","G",27,3,7,1,1,1,2,0,2,2,1,0,0,1,2,8,FALSE,"310570096"
"252","T. Jones","F",37,5,12,1,1,4,6,2,7,9,1,1,1,4,0,15,TRUE,"310600096"
"253","J. Harrellson","F",36,4,6,0,1,0,0,3,6,9,0,3,4,1,4,8,TRUE,"310600096"
"254","D. Lamb","G",31,3,11,0,2,3,4,3,0,3,2,0,0,0,2,9,TRUE,"310600096"
"255","B. Knight","G",36,5,14,1,1,6,6,1,5,6,3,0,0,3,2,17,TRUE,"310600096"
"256","D. Miller","G",28,5,9,1,2,1,1,0,0,0,0,2,0,1,3,12,TRUE,"310600096"
"257","E. Vargas","F",4,1,1,0,0,0,0,1,0,1,0,0,0,0,3,2,FALSE,"310600096"
"258","D. Liggins","G",28,2,6,1,3,0,0,1,3,4,0,0,1,0,0,5,FALSE,"310600096"
"259","T. Jones","F",36,3,15,0,2,9,15,6,6,12,3,0,2,2,1,15,TRUE,"310652633"
"260","J. Harrellson","F",24,0,2,0,0,0,0,3,2,5,1,0,2,2,3,0,TRUE,"310652633"
"261","D. Lamb","G",26,2,5,2,5,0,0,0,1,1,1,1,0,1,5,6,TRUE,"310652633"
"262","B. Knight","G",40,5,15,3,7,6,6,0,3,3,2,1,0,3,3,19,TRUE,"310652633"
"263","D. Miller","G",36,5,10,2,3,3,4,1,3,4,0,2,0,2,4,15,TRUE,"310652633"
"264","E. Vargas","F",7,1,1,0,0,1,2,1,0,1,0,0,1,0,0,3,FALSE,"310652633"
"265","J. Hood","C",3,0,0,0,0,0,0,0,0,0,0,0,0,0,0,0,FALSE,"310652633"
"266","D. Liggins","G",28,3,5,0,1,0,0,1,5,6,3,0,0,0,5,6,FALSE,"310652633"
"267","T. Jones","F",24,3,11,0,2,1,3,2,5,7,1,0,1,0,4,7,TRUE,"310700096"
"268","J. Harrellson","F",35,5,7,0,0,3,4,4,3,7,0,0,1,1,1,13,TRUE,"310700096"
"269","D. Lamb","G",39,7,10,3,4,2,4,0,4,4,3,1,0,1,3,19,TRUE,"310700096"
"270","B. Knight","G",39,5,15,0,6,7,10,0,6,6,6,0,0,4,1,17,TRUE,"310700096"
"271","D. Miller","G",26,6,11,1,3,2,2,2,5,7,2,1,0,1,4,15,TRUE,"310700096"
"272","E. Vargas","F",6,0,0,0,0,0,0,0,2,2,0,0,0,0,0,0,FALSE,"310700096"
"273","J. Hood","C",5,0,2,0,1,0,0,0,1,1,0,1,0,1,0,0,FALSE,"310700096"
"274","D. Liggins","G",26,2,3,0,0,0,0,1,5,6,1,1,2,2,4,4,FALSE,"310700096"
"275","T. Jones","F",32,2,9,0,0,3,4,1,4,5,1,2,1,1,2,7,TRUE,"310710333"
"276","J. Harrellson","F",33,6,9,0,1,2,2,4,6,10,1,1,1,1,4,14,TRUE,"310710333"
"277","D. Lamb","G",22,6,10,2,4,1,3,2,0,2,0,0,0,0,2,15,TRUE,"310710333"
"278","B. Knight","G",38,4,11,2,7,2,3,0,2,2,7,1,0,2,2,12,TRUE,"310710333"
"279","D. Miller","G",36,4,9,2,5,0,0,0,4,4,4,0,1,1,2,10,TRUE,"310710333"
"280","E. Vargas","F",2,0,0,0,0,0,0,0,0,0,0,0,0,0,0,0,FALSE,"310710333"
"281","J. Polson","C",1,0,0,0,0,0,0,0,0,0,0,0,0,0,0,0,FALSE,"310710333"
"282","J. Hood","C",1,0,0,0,0,0,0,0,0,0,0,0,0,1,0,0,FALSE,"310710333"
"283","S. Poole, Jr.","G",1,0,0,0,0,0,0,0,0,0,0,0,0,0,0,0,FALSE,"310710333"
"284","D. Liggins","G",34,5,6,3,3,1,2,2,7,9,3,0,0,1,3,14,FALSE,"310710333"
"285","T. Jones","F",34,4,10,1,1,7,8,2,5,7,0,1,3,0,2,16,TRUE,"310720057"
"286","J. Harrellson","F",29,2,5,0,0,0,0,2,6,8,2,1,0,0,2,4,TRUE,"310720057"
"287","B. Knight","G",37,5,14,2,6,5,6,1,0,1,4,1,0,2,1,17,TRUE,"310720057"
"288","D. Liggins","G",27,1,5,1,1,7,8,0,5,5,3,2,1,2,3,10,TRUE,"310720057"
"289","D. Miller","G",37,6,8,2,3,1,1,0,6,6,1,0,2,1,3,15,TRUE,"310720057"
"290","E. Vargas","F",10,0,0,0,0,2,4,3,1,4,0,1,0,0,3,2,FALSE,"310720057"
"291","J. Polson","C",1,0,0,0,0,0,0,0,0,0,0,0,0,0,0,0,FALSE,"310720057"
"292","J. Hood","C",1,0,0,0,0,0,0,0,0,0,0,0,0,0,0,0,FALSE,"310720057"
"293","S. Poole, Jr.","G",1,0,0,0,0,0,0,0,0,0,0,0,0,0,0,0,FALSE,"310720057"
"294","D. Lamb","G",23,2,6,0,3,2,2,0,0,0,1,0,0,1,1,6,FALSE,"310720057"
"295","T. Jones","F",28,4,8,1,1,1,2,0,2,2,0,0,2,1,3,10,TRUE,"310760096"
"296","J. Harrellson","F",37,7,8,0,0,1,4,4,6,10,0,4,1,1,0,15,TRUE,"310760096"
"297","D. Lamb","G",34,3,7,0,0,1,2,0,3,3,1,1,0,3,1,7,TRUE,"310760096"
"298","B. Knight","G",29,1,8,0,1,0,0,1,1,2,5,0,0,1,0,2,TRUE,"310760096"
"299","D. Miller","G",38,6,11,2,6,3,3,1,3,4,3,0,1,2,1,17,TRUE,"310760096"
"300","E. Vargas","F",3,0,0,0,0,0,0,0,2,2,1,0,2,0,1,0,FALSE,"310760096"
"301","D. Liggins","G",31,3,5,2,3,0,0,0,2,2,2,0,1,1,2,8,FALSE,"310760096"
"302","T. Jones","F",32,3,5,0,1,6,8,3,7,10,3,0,2,0,3,12,TRUE,"310780096"
"303","J. Harrellson","F",35,7,10,0,0,1,5,4,4,8,0,1,1,1,2,15,TRUE,"310780096"
"304","D. Lamb","G",14,2,5,1,3,1,1,0,1,1,0,0,0,0,3,6,TRUE,"310780096"
"305","B. Knight","G",39,9,20,3,8,9,10,0,3,3,4,0,0,4,4,30,TRUE,"310780096"
"306","D. Miller","G",36,1,7,1,4,0,0,0,2,2,1,0,1,2,2,3,TRUE,"310780096"
"307","E. Vargas","F",4,1,1,0,0,0,0,1,0,1,0,0,0,1,2,2,FALSE,"310780096"
"308","J. Hood","C",1,0,0,0,0,0,0,0,0,0,0,0,0,0,1,0,FALSE,"310780096"
"309","D. Liggins","G",39,1,2,1,2,0,0,1,8,9,4,0,2,2,2,3,FALSE,"310780096"
"310","T. Jones","F",25,3,10,2,3,0,0,0,8,8,0,0,2,1,3,8,TRUE,"310840194"
"311","J. Harrellson","F",34,7,9,0,0,3,3,5,5,10,0,0,3,1,3,17,TRUE,"310840194"
"312","D. Lamb","G",31,2,5,2,3,0,0,0,0,0,0,0,1,0,2,6,TRUE,"310840194"
"313","B. Knight","G",34,3,10,1,6,2,2,0,3,3,4,1,0,6,2,9,TRUE,"310840194"
"314","D. Miller","G",39,2,6,1,3,2,2,2,2,4,4,2,2,2,3,7,TRUE,"310840194"
"315","E. Vargas","F",1,0,0,0,0,0,0,0,0,0,0,0,0,0,1,0,FALSE,"310840194"
"316","J. Hood","C",2,0,0,0,0,0,0,0,0,0,0,0,0,0,0,0,FALSE,"310840194"
"317","D. Liggins","G",34,5,8,0,2,5,7,0,6,6,3,0,3,1,3,15,FALSE,"310840194"
"318","T. Jones","F",34,5,9,1,2,0,1,0,7,7,1,1,2,4,2,11,TRUE,"310860153"
"319","J. Harrellson","F",38,4,6,0,0,4,7,3,5,8,4,2,1,1,1,12,TRUE,"310860153"
"320","B. Knight","G",40,7,18,5,11,3,5,2,5,7,4,3,0,3,1,22,TRUE,"310860153"
"321","D. Liggins","G",35,4,11,2,4,2,2,0,2,2,4,3,1,3,2,12,TRUE,"310860153"
"322","D. Miller","G",26,4,7,2,3,1,1,2,1,3,2,1,1,1,3,11,TRUE,"310860153"
"323","E. Vargas","F",1,0,0,0,0,0,0,0,1,1,0,0,0,0,1,0,FALSE,"310860153"
"324","J. Hood","C",1,0,0,0,0,0,0,0,0,0,0,0,0,0,0,0,FALSE,"310860153"
"325","D. Lamb","G",25,3,5,2,2,0,0,0,2,2,1,0,0,2,3,8,FALSE,"310860153"
"326","T. Jones","F",38,5,8,1,2,0,5,4,11,15,1,4,1,2,1,11,TRUE,"310920041"
"327","J. Harrellson","F",28,3,6,0,0,0,1,3,1,4,2,2,0,0,3,6,TRUE,"310920041"
"328","B. Knight","G",40,6,23,3,11,2,2,2,6,8,5,2,0,3,1,17,TRUE,"310920041"
"329","D. Liggins","G",34,1,7,1,5,1,2,0,0,0,2,2,2,1,4,4,TRUE,"310920041"
"330","D. Miller","G",26,1,7,1,4,1,2,1,2,3,2,1,0,2,2,4,TRUE,"310920041"
"331","E. Vargas","F",7,0,1,0,0,0,0,3,2,5,0,0,0,0,0,0,FALSE,"310920041"
"332","D. Lamb","G",27,5,10,3,5,0,0,0,0,0,0,0,0,2,1,13,FALSE,"310920041"
