"","player","position","MIN","FGM","FGA","3PTM","3PTA","FTM","FTA","OREB","DREB","REB","AST","STL","BLK","TO","PF","PTS","starter","game_id"
"1","P.J. Washington","F",19,1,1,0,0,3,6,1,2,3,2,0,0,4,2,5,TRUE,"400987153"
"2","N. Richards","F",24,4,7,0,0,2,3,2,1,3,0,1,3,2,3,10,TRUE,"400987153"
"3","K. Knox II","F",37,3,13,1,4,5,6,2,4,6,4,4,1,2,3,12,TRUE,"400987153"
"4","S. Gilgeous-Alexander","G",36,5,9,1,2,2,2,0,3,3,4,4,0,3,0,13,TRUE,"400987153"
"5","H. Diallo","G",25,8,16,2,4,0,0,2,3,5,3,0,0,1,2,18,TRUE,"400987153"
"6","W. Gabriel","F",23,3,13,1,4,0,0,6,7,13,3,1,3,0,3,7,FALSE,"400987153"
"7","S. Killeya-Jones","F",15,2,3,0,0,0,2,2,0,2,0,1,1,1,4,4,FALSE,"400987153"
"8","Q. Green","G",21,0,4,0,1,4,4,0,0,0,1,0,0,0,1,4,FALSE,"400987153"
"9","P.J. Washington","F",35,7,14,0,0,3,7,2,8,10,2,0,1,2,2,17,TRUE,"400987159"
"10","N. Richards","F",13,1,2,0,0,0,0,2,2,4,1,0,0,0,2,2,TRUE,"400987159"
"11","K. Knox II","F",35,3,10,1,4,4,4,0,8,8,1,0,0,2,2,11,TRUE,"400987159"
"12","Q. Green","G",26,6,11,1,2,2,2,1,3,4,4,0,0,1,1,15,TRUE,"400987159"
"13","H. Diallo","G",30,6,13,1,2,3,4,0,1,1,3,1,1,0,4,16,TRUE,"400987159"
"14","W. Gabriel","F",20,1,2,0,1,0,0,0,2,2,1,0,1,1,3,2,FALSE,"400987159"
"15","S. Killeya-Jones","F",18,1,2,0,0,4,4,2,2,4,0,0,0,0,0,6,FALSE,"400987159"
"16","S. Gilgeous-Alexander","G",23,1,2,0,0,2,2,1,1,2,3,2,1,3,3,4,FALSE,"400987159"
"17","P.J. Washington","F",24,0,3,0,0,2,2,0,2,2,3,0,4,4,3,2,TRUE,"400987167"
"18","N. Richards","F",13,1,4,0,0,0,0,2,7,9,0,0,1,3,3,2,TRUE,"400987167"
"19","K. Knox II","F",37,8,13,3,6,1,2,2,5,7,0,2,1,1,0,20,TRUE,"400987167"
"20","Q. Green","G",21,2,7,0,2,2,2,0,1,1,2,0,0,0,1,6,TRUE,"400987167"
"21","H. Diallo","G",30,4,11,0,3,6,7,2,3,5,4,1,0,3,3,14,TRUE,"400987167"
"22","W. Gabriel","F",18,1,3,0,1,1,2,0,2,2,0,1,1,1,3,3,FALSE,"400987167"
"23","S. Killeya-Jones","F",23,4,6,0,0,0,3,4,5,9,2,0,3,0,3,8,FALSE,"400987167"
"24","T. Wynyard","F",7,0,1,0,0,0,0,0,0,0,0,0,0,0,1,0,FALSE,"400987167"
"25","S. Gilgeous-Alexander","G",27,3,7,0,1,0,0,0,4,4,3,3,0,6,3,6,FALSE,"400987167"
"26","P.J. Washington","F",29,6,8,0,0,0,5,5,3,8,4,0,1,6,5,12,TRUE,"400987177"
"27","N. Richards","F",11,1,1,0,0,0,1,0,3,3,0,0,0,0,3,2,TRUE,"400987177"
"28","K. Knox II","F",34,6,13,4,7,1,4,0,10,10,2,0,1,6,3,17,TRUE,"400987177"
"29","Q. Green","G",26,9,13,3,5,0,1,0,0,0,3,1,0,3,1,21,TRUE,"400987177"
"30","H. Diallo","G",27,3,7,0,1,1,2,0,4,4,0,1,1,2,2,7,TRUE,"400987177"
"31","W. Gabriel","F",18,2,4,1,2,0,1,1,3,4,1,0,1,0,1,5,FALSE,"400987177"
"32","S. Killeya-Jones","F",25,2,6,0,0,0,0,6,2,8,1,2,3,3,3,4,FALSE,"400987177"
"33","T. Wynyard","F",3,0,0,0,0,0,0,0,1,1,0,0,1,0,1,0,FALSE,"400987177"
"34","S. Gilgeous-Alexander","G",27,4,6,1,1,1,1,1,1,2,6,2,0,2,1,10,FALSE,"400987177"
"35","P.J. Washington","F",22,2,4,0,0,0,0,3,5,8,4,0,0,4,3,4,TRUE,"400987189"
"36","N. Richards","F",12,3,5,0,0,2,2,4,4,8,0,0,0,0,2,8,TRUE,"400987189"
"37","K. Knox II","F",35,7,12,1,3,2,5,1,4,5,1,1,0,2,2,17,TRUE,"400987189"
"38","Q. Green","G",26,5,10,1,2,2,2,0,3,3,3,0,0,3,2,13,TRUE,"400987189"
"39","H. Diallo","G",29,3,12,0,1,2,6,3,7,10,1,1,0,2,3,8,TRUE,"400987189"
"40","W. Gabriel","F",27,3,5,1,2,5,6,1,5,6,1,0,2,1,2,12,FALSE,"400987189"
"41","S. Killeya-Jones","F",17,1,4,0,0,0,0,1,3,4,1,0,0,0,1,2,FALSE,"400987189"
"42","T. Wynyard","F",3,0,2,0,0,0,0,2,1,3,0,0,0,0,0,0,FALSE,"400987189"
"43","S. Gilgeous-Alexander","G",27,2,5,0,1,2,2,0,5,5,2,1,0,3,1,6,FALSE,"400987189"
"44","B. Calipari","G",2,0,0,0,0,0,0,0,0,0,0,0,0,0,0,0,FALSE,"400987189"
"45","P.J. Washington","F",25,2,5,0,1,3,8,1,2,3,0,0,0,0,1,7,TRUE,"400987192"
"46","N. Richards","F",26,9,10,0,0,7,7,5,10,15,1,0,2,1,4,25,TRUE,"400987192"
"47","K. Knox II","F",35,4,10,1,3,2,2,0,2,2,3,0,0,1,1,11,TRUE,"400987192"
"48","Q. Green","G",22,5,6,1,1,0,0,2,2,4,5,0,0,3,1,11,TRUE,"400987192"
"49","H. Diallo","G",28,3,7,2,3,0,0,0,4,4,3,1,0,2,4,8,TRUE,"400987192"
"50","W. Gabriel","F",19,3,4,1,2,2,5,2,8,10,1,1,0,4,1,9,FALSE,"400987192"
"51","S. Killeya-Jones","F",10,2,4,0,0,0,0,1,2,3,0,0,1,1,2,4,FALSE,"400987192"
"52","T. Wynyard","F",4,0,0,0,0,0,0,0,0,0,0,0,0,1,1,0,FALSE,"400987192"
"53","S. Gilgeous-Alexander","G",26,5,8,0,0,1,2,1,2,3,4,4,0,2,3,11,FALSE,"400987192"
"54","B. Calipari","G",3,0,1,0,1,0,0,0,0,0,0,0,0,1,0,0,FALSE,"400987192"
"55","J. David","G",1,0,0,0,0,0,0,0,0,0,0,0,0,0,0,0,FALSE,"400987192"
"56","D. Pulliam","G",1,0,0,0,0,0,0,0,0,0,0,0,0,0,0,0,FALSE,"400987192"
"57","P.J. Washington","F",24,6,7,0,0,5,7,1,4,5,4,0,1,1,3,17,TRUE,"400987201"
"58","N. Richards","F",22,4,6,0,0,3,5,1,2,3,1,0,3,0,1,11,TRUE,"400987201"
"59","K. Knox II","F",33,9,13,0,4,7,10,0,2,2,1,1,1,2,1,25,TRUE,"400987201"
"60","Q. Green","G",21,5,7,2,3,0,0,0,6,6,4,1,0,4,2,12,TRUE,"400987201"
"61","H. Diallo","G",26,8,11,0,0,3,3,1,2,3,4,1,0,3,3,19,TRUE,"400987201"
"62","W. Gabriel","F",23,1,4,1,3,0,0,1,3,4,2,1,2,0,3,3,FALSE,"400987201"
"63","S. Killeya-Jones","F",12,1,2,0,0,0,0,1,2,3,0,0,0,1,1,2,FALSE,"400987201"
"64","T. Wynyard","F",5,2,2,0,0,0,0,1,2,3,0,0,0,0,1,4,FALSE,"400987201"
"65","S. Gilgeous-Alexander","G",28,6,10,1,1,1,3,1,4,5,6,2,0,2,3,14,FALSE,"400987201"
"66","B. Calipari","G",3,0,1,0,1,0,0,0,0,0,0,0,0,0,0,0,FALSE,"400987201"
"67","J. David","G",2,0,0,0,0,0,0,0,0,0,0,0,0,2,1,0,FALSE,"400987201"
"68","D. Pulliam","G",1,0,0,0,0,0,0,0,0,0,0,0,0,0,0,0,FALSE,"400987201"
"69","P.J. Washington","F",18,1,2,0,0,1,2,1,4,5,1,0,0,1,5,3,TRUE,"400987214"
"70","N. Richards","F",20,3,5,0,0,3,4,2,5,7,1,0,3,0,3,9,TRUE,"400987214"
"71","K. Knox II","F",36,7,13,2,7,4,4,2,5,7,1,1,1,3,2,20,TRUE,"400987214"
"72","Q. Green","G",30,1,5,0,2,0,0,0,2,2,5,1,0,2,2,2,TRUE,"400987214"
"73","H. Diallo","G",26,7,16,0,3,5,6,1,5,6,2,2,0,1,2,19,TRUE,"400987214"
"74","W. Gabriel","F",22,1,3,0,0,3,4,0,2,2,0,3,2,1,1,5,FALSE,"400987214"
"75","S. Killeya-Jones","F",18,4,4,0,0,1,2,0,2,2,0,0,2,0,0,9,FALSE,"400987214"
"76","T. Wynyard","F",2,0,0,0,0,0,0,0,0,0,0,0,0,0,0,0,FALSE,"400987214"
"77","S. Gilgeous-Alexander","G",28,2,8,0,2,8,8,1,3,4,3,2,1,2,0,12,FALSE,"400987214"
"78","P.J. Washington","F",32,5,8,1,2,9,9,2,4,6,1,0,4,3,2,20,TRUE,"400987236"
"79","N. Richards","F",18,5,7,0,0,0,0,4,4,8,0,0,1,2,3,10,TRUE,"400987236"
"80","K. Knox II","F",31,1,9,1,5,1,2,1,4,5,4,1,0,7,2,4,TRUE,"400987236"
"81","Q. Green","G",16,4,6,1,2,0,0,1,2,3,5,0,0,1,2,9,TRUE,"400987236"
"82","H. Diallo","G",30,8,13,1,2,6,10,1,3,4,1,2,0,1,2,23,TRUE,"400987236"
"83","W. Gabriel","F",23,3,5,1,3,1,3,1,3,4,0,1,3,0,3,8,FALSE,"400987236"
"84","T. Wynyard","F",12,1,1,0,0,2,2,2,4,6,0,2,0,2,3,4,FALSE,"400987236"
"85","S. Gilgeous-Alexander","G",32,4,8,2,4,5,6,1,5,6,9,1,0,3,1,15,FALSE,"400987236"
"86","B. Calipari","G",6,0,1,0,1,0,0,0,1,1,0,0,0,0,0,0,FALSE,"400987236"
"87","J. David","G",0,0,0,0,0,0,0,0,0,0,0,0,0,0,0,0,FALSE,"400987236"
"88","D. Pulliam","G",0,0,0,0,0,0,0,0,0,0,0,0,0,0,0,0,FALSE,"400987236"
"89","P.J. Washington","F",33,4,10,1,2,2,4,2,3,5,5,1,1,2,1,11,TRUE,"400986141"
"90","N. Richards","F",22,3,5,0,0,2,4,3,3,6,1,0,3,1,2,8,TRUE,"400986141"
"91","K. Knox II","F",35,7,15,2,5,5,6,2,3,5,4,1,0,2,2,21,TRUE,"400986141"
"92","S. Gilgeous-Alexander","G",21,3,5,1,1,2,2,0,0,0,1,2,0,0,3,9,TRUE,"400986141"
"93","H. Diallo","G",34,7,16,4,7,2,4,2,3,5,2,3,0,3,2,20,TRUE,"400986141"
"94","W. Gabriel","F",21,3,5,1,2,0,0,3,6,9,0,1,0,2,3,7,FALSE,"400986141"
"95","S. Killeya-Jones","F",7,0,0,0,0,0,0,0,1,1,0,0,0,0,2,0,FALSE,"400986141"
"96","Q. Green","G",27,6,12,2,5,3,4,1,0,1,5,0,0,1,1,17,FALSE,"400986141"
"97","P.J. Washington","F",27,3,8,0,1,3,3,3,1,4,1,1,1,0,0,9,TRUE,"400987273"
"98","N. Richards","F",26,3,5,0,0,1,2,1,5,6,2,0,1,2,1,7,TRUE,"400987273"
"99","K. Knox II","F",35,6,12,2,5,1,2,0,5,5,3,2,0,4,4,15,TRUE,"400987273"
"100","Q. Green","G",20,1,7,0,4,0,0,0,0,0,2,0,0,3,0,2,TRUE,"400987273"
"101","H. Diallo","G",29,7,18,1,5,3,5,0,4,4,1,0,0,2,3,18,TRUE,"400987273"
"102","W. Gabriel","F",26,6,10,3,4,1,2,6,0,6,0,2,1,1,3,16,FALSE,"400987273"
"103","S. Killeya-Jones","F",6,0,1,0,0,2,2,2,1,3,0,2,0,0,3,2,FALSE,"400987273"
"104","S. Gilgeous-Alexander","G",31,3,7,0,2,0,0,1,2,3,5,1,0,1,2,6,FALSE,"400987273"
"105","P.J. Washington","F",31,5,10,0,1,6,6,2,5,7,2,0,1,2,1,16,TRUE,"400986170"
"106","N. Richards","F",17,1,4,0,0,2,2,2,4,6,0,0,2,0,2,4,TRUE,"400986170"
"107","K. Knox II","F",17,2,8,0,3,4,5,0,7,7,0,0,0,2,5,8,TRUE,"400986170"
"108","Q. Green","G",27,4,6,3,4,2,2,0,0,0,5,0,0,3,3,13,TRUE,"400986170"
"109","H. Diallo","G",29,5,11,1,2,3,6,1,5,6,0,2,0,1,2,14,TRUE,"400986170"
"110","W. Gabriel","F",23,1,2,1,1,0,0,2,5,7,1,0,2,2,2,3,FALSE,"400986170"
"111","S. Killeya-Jones","F",19,3,5,0,0,2,3,2,2,4,0,0,0,0,4,8,FALSE,"400986170"
"112","S. Gilgeous-Alexander","G",33,9,16,1,2,5,6,2,3,5,4,3,0,1,0,24,FALSE,"400986170"
"113","B. Calipari","G",2,0,0,0,0,0,0,0,0,0,1,0,0,0,0,0,FALSE,"400986170"
"114","J. David","G",1,0,0,0,0,0,0,0,0,0,0,0,0,0,0,0,FALSE,"400986170"
"115","D. Pulliam","G",1,0,0,0,0,0,0,0,0,0,0,0,0,0,0,0,FALSE,"400986170"
"116","P.J. Washington","F",15,2,5,0,1,3,6,1,1,2,1,1,2,0,5,7,TRUE,"400987284"
"117","N. Richards","F",3,0,1,0,0,0,0,0,0,0,0,0,0,1,2,0,TRUE,"400987284"
"118","K. Knox II","F",28,2,10,1,4,2,3,1,3,4,3,1,0,1,3,7,TRUE,"400987284"
"119","Q. Green","G",25,4,10,1,4,6,8,1,3,4,1,0,0,2,2,15,TRUE,"400987284"
"120","H. Diallo","G",34,3,8,0,1,4,8,3,7,10,0,1,0,0,3,10,TRUE,"400987284"
"121","W. Gabriel","F",34,2,9,2,5,0,0,3,7,10,0,1,1,3,4,6,FALSE,"400987284"
"122","S. Killeya-Jones","F",21,0,1,0,0,0,0,1,1,2,1,0,1,1,3,0,FALSE,"400987284"
"123","T. Wynyard","F",7,0,1,0,0,0,0,1,0,1,0,1,0,0,1,0,FALSE,"400987284"
"124","S. Gilgeous-Alexander","G",33,4,9,1,1,12,13,3,2,5,4,3,2,1,0,21,FALSE,"400987284"
"125","P.J. Washington","F",36,8,11,0,1,2,4,3,3,6,2,0,2,1,3,18,TRUE,"400987290"
"126","N. Richards","F",10,1,2,0,0,0,0,0,1,1,0,0,0,0,1,2,TRUE,"400987290"
"127","K. Knox II","F",35,7,12,2,3,0,0,2,9,11,1,0,0,2,1,16,TRUE,"400987290"
"128","Q. Green","G",31,3,6,0,1,1,2,0,3,3,2,0,0,3,0,7,TRUE,"400987290"
"129","H. Diallo","G",22,3,8,1,2,0,0,1,1,2,0,1,0,4,1,7,TRUE,"400987290"
"130","W. Gabriel","F",22,1,3,1,3,1,2,1,3,4,1,3,0,0,3,4,FALSE,"400987290"
"131","S. Killeya-Jones","F",12,1,3,0,0,0,2,2,3,5,3,0,0,1,0,2,FALSE,"400987290"
"132","S. Gilgeous-Alexander","G",32,7,16,1,2,3,3,0,2,2,4,2,1,3,1,18,FALSE,"400987290"
"133","P.J. Washington","F",23,6,8,0,1,1,3,0,3,3,1,3,2,2,1,13,TRUE,"400987295"
"134","N. Richards","F",24,4,4,0,0,1,2,2,6,8,0,0,1,0,1,9,TRUE,"400987295"
"135","K. Knox II","F",31,1,9,0,5,4,4,0,5,5,0,0,1,2,4,6,TRUE,"400987295"
"136","Q. Green","G",33,5,14,3,7,1,2,0,0,0,4,1,0,2,3,14,TRUE,"400987295"
"137","H. Diallo","G",16,2,5,1,2,0,0,0,4,4,2,0,0,1,5,5,TRUE,"400987295"
"138","W. Gabriel","F",19,4,5,3,4,0,1,0,1,1,1,1,0,1,5,11,FALSE,"400987295"
"139","S. Killeya-Jones","F",16,1,1,0,0,2,2,1,2,3,0,0,0,1,4,4,FALSE,"400987295"
"140","S. Gilgeous-Alexander","G",38,1,6,0,0,1,2,2,1,3,6,2,0,5,0,3,FALSE,"400987295"
"141","P.J. Washington","F",32,5,11,1,2,5,10,1,3,4,3,2,0,0,4,16,TRUE,"400987301"
"142","N. Richards","F",16,0,0,0,0,2,2,0,4,4,0,1,0,1,2,2,TRUE,"400987301"
"143","K. Knox II","F",25,5,5,2,2,3,4,0,2,2,0,0,0,4,2,15,TRUE,"400987301"
"144","S. Gilgeous-Alexander","G",39,6,10,0,0,4,6,1,6,7,5,1,2,3,1,16,TRUE,"400987301"
"145","H. Diallo","G",34,6,9,0,2,6,9,0,1,1,2,0,0,0,3,18,TRUE,"400987301"
"146","W. Gabriel","F",32,1,5,1,4,0,0,0,3,3,0,1,0,3,4,3,FALSE,"400987301"
"147","S. Killeya-Jones","F",19,1,2,0,1,2,3,3,2,5,0,0,0,0,2,4,FALSE,"400987301"
"148","B. Calipari","G",3,0,1,0,1,0,0,0,0,0,0,0,0,0,0,0,FALSE,"400987301"
"149","P.J. Washington","F",38,2,4,1,1,5,8,3,5,8,2,0,0,4,2,10,TRUE,"400987309"
"150","N. Richards","F",12,2,2,0,0,0,0,0,3,3,0,0,2,1,3,4,TRUE,"400987309"
"151","K. Knox II","F",28,5,9,0,2,7,7,1,3,4,1,1,0,1,2,17,TRUE,"400987309"
"152","S. Gilgeous-Alexander","G",39,7,11,1,1,7,10,0,4,4,6,0,0,3,3,22,TRUE,"400987309"
"153","H. Diallo","G",39,2,7,1,2,5,8,1,2,3,1,0,2,1,4,10,TRUE,"400987309"
"154","W. Gabriel","F",29,3,8,0,4,1,4,2,7,9,1,1,2,1,2,7,FALSE,"400987309"
"155","S. Killeya-Jones","F",15,2,2,0,0,0,0,1,1,2,0,1,1,0,3,4,FALSE,"400987309"
"156","P.J. Washington","F",33,2,3,0,1,6,10,0,2,2,2,2,0,2,4,10,TRUE,"400987315"
"157","N. Richards","F",23,5,7,0,0,2,2,2,2,4,0,0,1,1,5,12,TRUE,"400987315"
"158","K. Knox II","F",39,6,16,1,8,8,10,1,7,8,2,2,0,1,3,21,TRUE,"400987315"
"159","S. Gilgeous-Alexander","G",28,3,9,0,1,0,0,0,3,3,0,0,1,6,4,6,TRUE,"400987315"
"160","H. Diallo","G",25,1,5,0,0,3,6,1,2,3,0,1,0,2,5,5,TRUE,"400987315"
"161","J. Vanderbilt","F",14,2,5,0,0,2,4,1,4,5,3,0,1,2,2,6,FALSE,"400987315"
"162","W. Gabriel","F",15,1,1,0,0,1,1,1,5,6,0,0,1,1,5,3,FALSE,"400987315"
"163","S. Killeya-Jones","F",19,2,2,0,0,1,3,0,3,3,0,0,1,1,4,5,FALSE,"400987315"
"164","B. Calipari","G",4,0,1,0,1,0,0,0,0,0,0,0,0,0,0,0,FALSE,"400987315"
"165","P.J. Washington","F",28,3,10,0,1,0,0,3,4,7,0,1,1,1,1,6,TRUE,"400987324"
"166","N. Richards","F",20,2,3,0,0,4,6,4,5,9,1,0,2,2,0,8,TRUE,"400987324"
"167","K. Knox II","F",25,4,10,1,4,0,0,0,4,4,1,1,0,3,3,9,TRUE,"400987324"
"168","S. Gilgeous-Alexander","G",35,4,12,1,1,1,2,0,4,4,6,1,0,4,2,10,TRUE,"400987324"
"169","H. Diallo","G",31,3,8,1,4,1,2,1,5,6,3,1,1,2,2,8,TRUE,"400987324"
"170","J. Vanderbilt","F",13,2,5,0,0,0,0,2,4,6,0,0,0,0,2,4,FALSE,"400987324"
"171","W. Gabriel","F",19,4,6,1,3,1,1,1,6,7,0,0,0,2,3,10,FALSE,"400987324"
"172","S. Killeya-Jones","F",12,3,3,0,0,1,1,2,1,3,0,0,0,3,3,7,FALSE,"400987324"
"173","Q. Green","G",17,1,8,0,4,0,0,0,0,0,2,0,0,0,1,2,FALSE,"400987324"
"174","P.J. Washington","F",31,6,10,0,2,10,14,2,4,6,2,3,2,2,2,22,TRUE,"400987328"
"175","N. Richards","F",11,0,1,0,0,0,0,0,1,1,0,0,0,0,0,0,TRUE,"400987328"
"176","K. Knox II","F",36,5,6,4,4,5,6,1,5,6,1,2,0,4,1,19,TRUE,"400987328"
"177","S. Gilgeous-Alexander","G",35,6,15,0,3,4,4,0,4,4,6,0,0,0,1,16,TRUE,"400987328"
"178","H. Diallo","G",27,3,8,0,2,0,1,0,7,7,2,2,2,3,2,6,TRUE,"400987328"
"179","J. Vanderbilt","F",11,1,7,0,0,0,0,4,3,7,0,0,1,0,2,2,FALSE,"400987328"
"180","W. Gabriel","F",19,3,6,1,2,0,0,3,3,6,0,0,0,0,4,7,FALSE,"400987328"
"181","S. Killeya-Jones","F",10,1,3,0,0,0,1,2,1,3,0,0,0,1,0,2,FALSE,"400987328"
"182","Q. Green","G",20,0,2,0,1,4,4,0,0,0,0,0,0,1,1,4,FALSE,"400987328"
"183","P.J. Washington","F",11,1,3,0,0,0,0,1,1,2,0,0,1,2,3,2,TRUE,"400987339"
"184","N. Richards","F",20,2,4,0,0,5,6,2,6,8,0,0,1,2,4,9,TRUE,"400987339"
"185","K. Knox II","F",35,11,17,5,8,7,8,4,3,7,0,0,0,1,1,34,TRUE,"400987339"
"186","S. Gilgeous-Alexander","G",32,3,7,0,1,0,2,0,5,5,5,0,2,4,2,6,TRUE,"400987339"
"187","H. Diallo","G",25,4,8,1,1,4,5,1,2,3,2,0,0,2,3,13,TRUE,"400987339"
"188","J. Vanderbilt","F",11,0,5,0,0,1,2,7,4,11,2,0,0,1,1,1,FALSE,"400987339"
"189","W. Gabriel","F",28,1,7,0,4,4,4,5,4,9,3,0,3,0,3,6,FALSE,"400987339"
"190","S. Killeya-Jones","F",11,2,2,0,0,0,0,0,0,0,0,0,0,0,2,4,FALSE,"400987339"
"191","Q. Green","G",27,2,5,2,4,2,2,0,2,2,4,1,0,4,1,8,FALSE,"400987339"
"192","N. Richards","F",12,2,5,0,0,6,7,3,3,6,0,0,2,0,3,10,TRUE,"400987347"
"193","K. Knox II","F",40,6,15,2,6,4,7,1,7,8,0,1,0,1,2,18,TRUE,"400987347"
"194","W. Gabriel","F",31,0,2,0,2,0,0,2,4,6,0,1,0,2,3,0,TRUE,"400987347"
"195","S. Gilgeous-Alexander","G",38,12,19,1,1,5,5,0,1,1,3,1,1,3,3,30,TRUE,"400987347"
"196","H. Diallo","G",21,0,3,0,1,2,4,0,1,1,1,0,0,0,0,2,TRUE,"400987347"
"197","P.J. Washington","F",33,2,6,0,0,2,2,1,4,5,3,2,0,1,2,6,FALSE,"400987347"
"198","J. Vanderbilt","F",7,1,2,0,0,1,2,1,2,3,0,1,0,1,3,3,FALSE,"400987347"
"199","S. Killeya-Jones","F",12,1,1,0,0,0,0,1,2,3,0,0,1,0,3,2,FALSE,"400987347"
"200","Q. Green","G",31,5,11,2,4,0,0,0,0,0,0,0,0,1,3,12,FALSE,"400987347"
"201","P.J. Washington","F",30,2,8,0,2,0,1,3,4,7,1,1,0,1,3,4,TRUE,"400987354"
"202","N. Richards","F",10,1,2,0,0,1,2,0,2,2,0,0,0,1,2,3,TRUE,"400987354"
"203","K. Knox II","F",25,2,6,0,2,1,3,2,1,3,1,0,0,2,3,5,TRUE,"400987354"
"204","S. Gilgeous-Alexander","G",35,5,16,0,3,5,5,2,0,2,6,2,0,2,3,15,TRUE,"400987354"
"205","H. Diallo","G",22,3,8,0,2,2,2,1,2,3,0,0,0,2,5,8,TRUE,"400987354"
"206","J. Vanderbilt","F",16,1,5,0,0,6,6,4,6,10,1,1,1,1,4,8,FALSE,"400987354"
"207","W. Gabriel","F",18,3,8,1,5,1,2,0,1,1,0,1,1,1,4,8,FALSE,"400987354"
"208","S. Killeya-Jones","F",21,2,3,0,0,0,2,2,2,4,0,0,0,1,4,4,FALSE,"400987354"
"209","Q. Green","G",23,2,11,1,6,0,0,1,1,2,0,2,0,1,1,5,FALSE,"400987354"
"210","P.J. Washington","F",17,0,3,0,1,4,4,1,2,3,0,0,1,2,4,4,TRUE,"400987360"
"211","N. Richards","F",26,2,4,0,0,1,2,2,6,8,0,0,1,1,2,5,TRUE,"400987360"
"212","K. Knox II","F",37,3,11,0,3,4,5,0,3,3,1,1,0,0,0,10,TRUE,"400987360"
"213","S. Gilgeous-Alexander","G",39,5,10,0,3,5,8,0,6,6,6,2,1,3,1,15,TRUE,"400987360"
"214","H. Diallo","G",13,0,3,0,2,0,0,0,0,0,0,0,0,2,2,0,TRUE,"400987360"
"215","J. Vanderbilt","F",15,2,3,0,1,0,0,1,0,1,0,1,0,2,3,4,FALSE,"400987360"
"216","W. Gabriel","F",19,1,1,1,1,1,2,0,1,1,0,0,1,2,4,4,FALSE,"400987360"
"217","S. Killeya-Jones","F",5,0,0,0,0,2,2,0,1,1,0,0,0,1,2,2,FALSE,"400987360"
"218","Q. Green","G",29,6,10,2,3,1,2,0,4,4,0,0,0,2,0,15,FALSE,"400987360"
"219","P.J. Washington","F",22,1,6,0,0,3,7,2,6,8,1,0,1,2,1,5,TRUE,"400987371"
"220","N. Richards","F",14,1,3,0,0,0,0,1,1,2,0,0,1,2,1,2,TRUE,"400987371"
"221","K. Knox II","F",36,7,15,3,5,1,1,0,5,5,4,0,0,1,2,18,TRUE,"400987371"
"222","S. Gilgeous-Alexander","G",38,9,12,0,0,1,3,0,3,3,8,2,2,4,0,19,TRUE,"400987371"
"223","H. Diallo","G",20,5,11,1,4,2,4,1,1,2,0,0,0,0,4,13,TRUE,"400987371"
"224","J. Vanderbilt","F",24,3,7,0,0,1,2,3,4,7,1,0,0,3,5,7,FALSE,"400987371"
"225","W. Gabriel","F",18,1,5,0,1,0,0,3,3,6,0,1,1,0,5,2,FALSE,"400987371"
"226","Q. Green","G",26,3,7,2,5,0,0,1,3,4,1,0,0,0,3,8,FALSE,"400987371"
"227","B. Calipari","G",2,0,0,0,0,0,0,0,1,1,0,0,0,0,0,0,FALSE,"400987371"
"228","N. Richards","F",13,2,2,0,0,0,0,1,4,5,0,0,1,0,2,4,TRUE,"400987379"
"229","K. Knox II","F",35,7,13,3,7,2,3,0,5,5,1,1,0,2,2,19,TRUE,"400987379"
"230","W. Gabriel","F",30,4,8,0,4,0,1,0,2,2,1,0,0,1,3,8,TRUE,"400987379"
"231","S. Gilgeous-Alexander","G",34,4,11,0,0,1,1,3,2,5,3,1,0,3,4,9,TRUE,"400987379"
"232","H. Diallo","G",16,1,5,0,1,1,3,0,2,2,0,0,0,4,2,3,TRUE,"400987379"
"233","P.J. Washington","F",27,4,9,0,0,5,6,1,4,5,0,0,1,1,4,13,FALSE,"400987379"
"234","J. Vanderbilt","F",21,1,1,0,0,1,2,2,8,10,3,0,2,0,3,3,FALSE,"400987379"
"235","Q. Green","G",24,2,5,0,2,3,4,0,1,1,1,0,0,3,1,7,FALSE,"400987379"
"236","N. Richards","F",21,3,4,0,0,4,4,2,2,4,0,0,1,0,3,10,TRUE,"400987386"
"237","K. Knox II","F",25,4,10,1,3,4,4,3,2,5,1,0,0,0,3,13,TRUE,"400987386"
"238","W. Gabriel","F",18,2,6,1,4,0,2,1,6,7,0,1,1,4,4,5,TRUE,"400987386"
"239","S. Gilgeous-Alexander","G",38,2,10,0,1,2,2,2,2,4,4,3,0,1,0,6,TRUE,"400987386"
"240","H. Diallo","G",15,3,9,0,1,2,2,1,3,4,0,0,0,1,1,8,TRUE,"400987386"
"241","P.J. Washington","F",28,5,9,0,0,6,9,2,3,5,1,0,0,5,2,16,FALSE,"400987386"
"242","J. Vanderbilt","F",19,4,10,0,0,3,4,5,4,9,0,0,2,1,2,11,FALSE,"400987386"
"243","S. Killeya-Jones","F",5,0,0,0,0,0,0,1,1,2,0,0,0,1,1,0,FALSE,"400987386"
"244","Q. Green","G",31,5,6,2,2,0,1,2,0,2,4,1,0,0,3,12,FALSE,"400987386"
"245","N. Richards","F",7,0,0,0,0,1,2,1,1,2,0,0,0,0,4,1,TRUE,"400987390"
"246","K. Knox II","F",38,8,18,3,8,4,5,1,6,7,1,2,0,3,0,23,TRUE,"400987390"
"247","W. Gabriel","F",15,2,6,1,2,0,0,2,0,2,1,1,2,0,3,5,TRUE,"400987390"
"248","S. Gilgeous-Alexander","G",39,6,12,2,3,4,4,2,3,5,7,0,0,2,0,18,TRUE,"400987390"
"249","H. Diallo","G",10,0,1,0,1,2,2,0,1,1,0,1,0,1,2,2,TRUE,"400987390"
"250","P.J. Washington","F",31,6,10,0,0,1,1,2,8,10,3,2,2,3,3,13,FALSE,"400987390"
"251","J. Vanderbilt","F",19,4,6,0,0,3,4,6,3,9,0,1,0,1,3,11,FALSE,"400987390"
"252","S. Killeya-Jones","F",7,1,2,0,0,0,0,2,0,2,0,0,0,0,2,2,FALSE,"400987390"
"253","Q. Green","G",34,4,12,2,7,2,2,2,4,6,4,0,0,1,2,12,FALSE,"400987390"
"254","N. Richards","F",9,0,0,0,0,0,0,0,0,0,0,0,0,0,1,0,TRUE,"400987397"
"255","K. Knox II","F",24,6,13,1,3,8,8,1,0,1,0,1,1,2,4,21,TRUE,"400987397"
"256","W. Gabriel","F",15,1,4,1,3,0,0,3,2,5,0,0,1,2,2,3,TRUE,"400987397"
"257","S. Gilgeous-Alexander","G",36,4,6,2,3,4,4,0,5,5,8,1,0,1,2,14,TRUE,"400987397"
"258","H. Diallo","G",25,4,10,3,3,0,0,0,2,2,2,1,1,0,2,11,TRUE,"400987397"
"259","P.J. Washington","F",29,3,6,0,0,6,9,2,3,5,2,0,0,1,3,12,FALSE,"400987397"
"260","J. Vanderbilt","F",27,4,4,0,0,3,7,3,12,15,2,0,3,1,1,11,FALSE,"400987397"
"261","S. Killeya-Jones","F",5,0,0,0,0,0,0,0,0,0,0,1,0,0,2,0,FALSE,"400987397"
"262","Q. Green","G",29,5,6,2,2,0,0,0,2,2,3,1,0,2,2,12,FALSE,"400987397"
"263","B. Calipari","G",1,1,2,1,2,0,0,0,0,0,0,0,0,0,0,3,FALSE,"400987397"
"264","J. David","G",0,0,0,0,0,0,0,0,0,0,0,0,0,0,0,0,FALSE,"400987397"
"265","N. Richards","F",7,0,1,0,0,0,0,1,3,4,0,1,0,0,2,0,TRUE,"400987407"
"266","K. Knox II","F",31,7,17,2,5,6,8,0,4,4,1,1,0,3,2,22,TRUE,"400987407"
"267","W. Gabriel","F",23,5,8,2,4,3,3,2,4,6,2,1,0,0,4,15,TRUE,"400987407"
"268","S. Gilgeous-Alexander","G",37,3,8,0,0,11,13,1,6,7,10,1,3,4,1,17,TRUE,"400987407"
"269","H. Diallo","G",20,3,6,2,3,1,2,1,0,1,0,1,0,0,2,9,TRUE,"400987407"
"270","P.J. Washington","F",20,4,6,0,0,2,4,2,3,5,0,1,1,1,2,10,FALSE,"400987407"
"271","J. Vanderbilt","F",24,2,4,0,0,1,3,3,8,11,2,1,0,1,2,5,FALSE,"400987407"
"272","S. Killeya-Jones","F",7,0,0,0,0,0,0,0,2,2,0,0,1,1,0,0,FALSE,"400987407"
"273","Q. Green","G",30,7,12,2,6,2,2,0,1,1,4,2,0,1,2,18,FALSE,"400987407"
"274","B. Calipari","G",1,0,0,0,0,0,0,0,0,0,0,0,0,1,0,0,FALSE,"400987407"
"275","N. Richards","F",19,1,2,0,0,0,2,1,3,4,1,0,0,0,2,2,TRUE,"400987410"
"276","K. Knox II","F",28,3,10,1,5,5,7,1,3,4,0,1,0,1,2,12,TRUE,"400987410"
"277","W. Gabriel","F",22,1,4,1,3,0,0,1,3,4,0,0,0,2,0,3,TRUE,"400987410"
"278","S. Gilgeous-Alexander","G",37,7,14,1,2,2,4,0,2,2,4,0,1,5,1,17,TRUE,"400987410"
"279","H. Diallo","G",23,0,7,0,3,1,2,3,1,4,1,1,0,1,1,1,TRUE,"400987410"
"280","P.J. Washington","F",23,5,9,0,0,3,5,3,4,7,0,1,0,2,4,13,FALSE,"400987410"
"281","J. Vanderbilt","F",17,2,4,0,0,2,2,4,2,6,0,1,1,1,4,6,FALSE,"400987410"
"282","S. Killeya-Jones","F",4,1,1,0,0,0,0,0,0,0,0,0,0,0,0,2,FALSE,"400987410"
"283","Q. Green","G",27,4,7,3,3,0,0,0,1,1,0,0,0,1,3,11,FALSE,"400987410"
"284","P.J. Washington","F",35,8,12,0,0,2,4,2,5,7,1,1,0,2,2,18,TRUE,"401020007"
"285","N. Richards","F",6,0,0,0,0,0,0,1,1,2,0,0,0,1,1,0,TRUE,"401020007"
"286","K. Knox II","F",37,6,18,2,6,1,2,2,7,9,2,0,1,0,1,15,TRUE,"401020007"
"287","S. Gilgeous-Alexander","G",37,7,15,0,3,1,2,2,2,4,9,2,0,1,1,15,TRUE,"401020007"
"288","H. Diallo","G",21,3,5,1,1,0,0,1,1,2,0,1,0,0,1,7,TRUE,"401020007"
"289","W. Gabriel","F",27,2,4,2,4,0,0,2,4,6,1,0,0,1,4,6,FALSE,"401020007"
"290","S. Killeya-Jones","F",11,0,2,0,0,1,2,0,1,1,0,0,0,0,3,1,FALSE,"401020007"
"291","Q. Green","G",26,0,5,0,3,0,0,0,0,0,1,0,0,0,3,0,FALSE,"401020007"
"292","P.J. Washington","F",37,4,7,1,1,5,8,0,8,8,1,0,0,0,1,14,TRUE,"401020010"
"293","N. Richards","F",8,1,1,0,0,0,0,0,0,0,0,0,0,0,0,2,TRUE,"401020010"
"294","K. Knox II","F",25,4,6,1,2,2,2,0,2,2,2,2,0,4,4,11,TRUE,"401020010"
"295","S. Gilgeous-Alexander","G",38,4,7,2,4,9,12,0,4,4,8,1,0,1,3,19,TRUE,"401020010"
"296","H. Diallo","G",19,3,6,1,2,2,4,0,1,1,1,0,0,1,5,9,TRUE,"401020010"
"297","W. Gabriel","F",25,7,8,7,7,2,2,0,2,2,0,1,3,1,2,23,FALSE,"401020010"
"298","S. Killeya-Jones","F",16,3,3,0,0,0,0,0,5,5,0,0,2,3,2,6,FALSE,"401020010"
"299","Q. Green","G",31,1,4,0,2,0,0,1,0,1,8,0,0,0,1,2,FALSE,"401020010"
"300","B. Calipari","G",1,0,0,0,0,0,0,0,0,0,0,0,0,0,0,0,FALSE,"401020010"
"301","P.J. Washington","F",23,0,2,0,0,5,7,0,5,5,0,1,0,1,4,5,TRUE,"401020012"
"302","N. Richards","F",7,0,0,0,0,1,2,2,1,3,0,0,1,1,2,1,TRUE,"401020012"
"303","K. Knox II","F",34,7,17,3,7,1,2,2,5,7,1,0,1,4,1,18,TRUE,"401020012"
"304","S. Gilgeous-Alexander","G",37,10,16,2,3,7,7,1,6,7,3,2,0,3,2,29,TRUE,"401020012"
"305","H. Diallo","G",23,0,2,0,1,0,0,1,0,1,3,0,0,0,2,0,TRUE,"401020012"
"306","W. Gabriel","F",28,4,6,2,4,2,2,3,3,6,0,3,2,0,5,12,FALSE,"401020012"
"307","S. Killeya-Jones","F",20,1,2,0,0,0,0,2,1,3,0,0,2,0,3,2,FALSE,"401020012"
"308","Q. Green","G",28,3,5,0,1,4,4,0,0,0,2,0,0,1,0,10,FALSE,"401020012"
"309","P.J. Washington","F",25,5,8,0,0,1,2,0,3,3,0,0,0,2,5,11,TRUE,"401025814"
"310","N. Richards","F",5,1,1,0,0,0,0,1,1,2,0,0,0,0,2,2,TRUE,"401025814"
"311","K. Knox II","F",39,8,16,0,3,9,11,0,6,6,1,0,0,3,1,25,TRUE,"401025814"
"312","S. Gilgeous-Alexander","G",37,5,13,0,0,9,10,2,6,8,7,5,0,2,3,19,TRUE,"401025814"
"313","H. Diallo","G",26,3,4,0,1,2,2,0,3,3,1,1,3,0,1,8,TRUE,"401025814"
"314","W. Gabriel","F",25,0,1,0,1,1,2,0,5,5,0,0,0,1,3,1,FALSE,"401025814"
"315","S. Killeya-Jones","F",24,2,5,0,0,4,5,2,4,6,0,0,0,0,1,8,FALSE,"401025814"
"316","Q. Green","G",19,2,3,0,1,0,0,0,1,1,2,0,0,2,3,4,FALSE,"401025814"
"317","P.J. Washington","F",26,4,7,0,0,4,5,3,4,7,2,2,0,2,3,12,TRUE,"401025858"
"318","N. Richards","F",8,1,2,0,0,0,0,1,1,2,0,0,0,0,2,2,TRUE,"401025858"
"319","K. Knox II","F",28,4,10,0,3,0,0,0,3,3,4,0,0,4,4,8,TRUE,"401025858"
"320","S. Gilgeous-Alexander","G",39,10,12,2,2,5,7,1,5,6,6,2,0,3,2,27,TRUE,"401025858"
"321","H. Diallo","G",35,9,12,1,1,3,6,2,6,8,1,1,2,2,2,22,TRUE,"401025858"
"322","W. Gabriel","F",33,5,11,3,5,3,3,5,7,12,0,1,2,0,2,16,FALSE,"401025858"
"323","S. Killeya-Jones","F",11,1,1,0,0,0,0,0,1,1,0,0,0,1,4,2,FALSE,"401025858"
"324","Q. Green","G",20,2,9,1,4,1,2,0,0,0,3,0,0,1,1,6,FALSE,"401025858"
"325","B. Calipari","G",0,0,0,0,0,0,0,0,0,0,0,0,0,0,0,0,FALSE,"401025858"
"326","J. David","G",0,0,0,0,0,0,0,0,0,0,0,0,0,0,0,0,FALSE,"401025858"
"327","D. Pulliam","G",0,0,0,0,0,0,0,0,0,0,0,0,0,0,0,0,FALSE,"401025858"
"328","P.J. Washington","F",40,5,7,0,0,8,20,6,9,15,0,3,1,2,4,18,TRUE,"401025877"
"329","N. Richards","F",8,0,0,0,0,1,2,0,1,1,0,0,0,1,0,1,TRUE,"401025877"
"330","K. Knox II","F",34,5,10,1,3,2,2,0,8,8,0,1,1,2,4,13,TRUE,"401025877"
"331","S. Gilgeous-Alexander","G",39,2,10,0,2,11,12,2,3,5,5,0,0,5,2,15,TRUE,"401025877"
"332","H. Diallo","G",13,1,4,0,1,0,0,1,3,4,0,0,0,1,4,2,TRUE,"401025877"
"333","W. Gabriel","F",27,1,5,0,2,1,1,2,1,3,0,1,1,0,4,3,FALSE,"401025877"
"334","S. Killeya-Jones","F",14,0,1,0,0,0,0,0,0,0,0,0,0,1,1,0,FALSE,"401025877"
"335","Q. Green","G",25,2,5,2,4,0,0,0,2,2,1,0,0,3,2,6,FALSE,"401025877"
