"","player","position","MIN","FGM","FGA","3PTM","3PTA","FTM","FTA","OREB","DREB","REB","AST","STL","BLK","TO","PF","PTS","GP","GS"
"1","B. Calipari","G",2.33333333333333,0.0833333333333333,0.583333333333333,0.0833333333333333,0.583333333333333,0,0,0,0.166666666666667,0.166666666666667,0.0833333333333333,0,0,0.166666666666667,0,0.25,12,0
"2","D. Pulliam","G",0.6,0,0,0,0,0,0,0,0,0,0,0,0,0,0,0,5,0
"3","H. Diallo","G",24.8108108108108,3.62162162162162,8.45945945945946,0.702702702702703,2.08108108108108,2.08108108108108,3.37837837837838,0.891891891891892,2.75675675675676,3.64864864864865,1.24324324324324,0.756756756756757,0.351351351351351,1.37837837837838,2.59459459459459,10.027027027027,37,37
"4","J. David","G",0.666666666666667,0,0,0,0,0,0,0,0,0,0,0,0,0.333333333333333,0.166666666666667,0,6,0
"5","J. Vanderbilt","F",17,2.07142857142857,4.85714285714286,0,0.0714285714285714,1.71428571428571,2.71428571428571,3.28571428571429,4.57142857142857,7.85714285714286,1,0.428571428571429,0.785714285714286,1.07142857142857,2.64285714285714,5.85714285714286,14,0
"6","K. Knox II","F",32.3783783783784,5.2972972972973,11.8918918918919,1.54054054054054,4.51351351351351,3.43243243243243,4.43243243243243,0.891891891891892,4.51351351351351,5.40540540540541,1.43243243243243,0.837837837837838,0.27027027027027,2.2972972972973,2.21621621621622,15.5675675675676,37,37
"7","N. Richards","F",14.6756756756757,1.86486486486486,3.02702702702703,0,0,1.37837837837838,1.91891891891892,1.48648648648649,2.91891891891892,4.40540540540541,0.243243243243243,0.0810810810810811,0.891891891891892,0.702702702702703,2.05405405405405,5.10810810810811,37,37
"8","P.J. Washington","F",27.3513513513514,3.64864864864865,7.02702702702703,0.135135135135135,0.567567567567568,3.40540540540541,5.62162162162162,1.81081081081081,3.89189189189189,5.7027027027027,1.54054054054054,0.756756756756757,0.837837837837838,1.91891891891892,2.7027027027027,10.8378378378378,37,30
"9","Q. Green","G",25.5588235294118,3.41176470588235,7.55882352941176,1.20588235294118,3.20588235294118,1.23529411764706,1.52941176470588,0.382352941176471,1.38235294117647,1.76470588235294,2.67647058823529,0.323529411764706,0,1.61764705882353,1.61764705882353,9.26470588235294,34,13
"10","S. Gilgeous-Alexander","G",33.7297297297297,4.94594594594595,10.1891891891892,0.621621621621622,1.54054054054054,3.86486486486486,4.72972972972973,0.891891891891892,3.24324324324324,4.13513513513514,5.10810810810811,1.64864864864865,0.486486486486487,2.7027027027027,1.67567567567568,14.3783783783784,37,24
"11","S. Killeya-Jones","F",13.7352941176471,1.32352941176471,2.26470588235294,0,0.0294117647058824,0.647058823529412,1.14705882352941,1.26470588235294,1.64705882352941,2.91176470588235,0.235294117647059,0.205882352941176,0.558823529411765,0.676470588235294,2.11764705882353,3.29411764705882,34,0
"12","T. Wynyard","F",5.375,0.375,0.875,0,0,0.25,0.25,0.75,1,1.75,0,0.375,0.125,0.375,1,1,8,0
"13","W. Gabriel","F",23.0810810810811,2.35135135135135,5.32432432432432,1.13513513513514,2.86486486486486,0.945945945945946,1.51351351351351,1.75675675675676,3.59459459459459,5.35135135135135,0.567567567567568,0.810810810810811,1.08108108108108,1.10810810810811,3.05405405405405,6.78378378378378,37,7
