"","player","position","MIN","FGM","FGA","3PTM","3PTA","FTM","FTA","OREB","DREB","REB","AST","STL","BLK","TO","PF","PTS","GP","GS"
"1","A. Poythress","F",23.6129032258065,3.83870967741935,6.38709677419355,0.225806451612903,0.741935483870968,2.32258064516129,3.29032258064516,1.7741935483871,4.25806451612903,6.03225806451613,0.32258064516129,0.612903225806452,0.67741935483871,1.19354838709677,3.61290322580645,10.2258064516129,31,23
"2","C. Matthews","G",10.2777777777778,0.638888888888889,1.44444444444444,0.0277777777777778,0.111111111111111,0.388888888888889,0.944444444444444,0.888888888888889,0.75,1.63888888888889,0.361111111111111,0.416666666666667,0.166666666666667,0.527777777777778,0.916666666666667,1.69444444444444,36,3
"3","D. Hawkins","G",9.22222222222222,0.62962962962963,1.7037037037037,0.296296296296296,1.07407407407407,0.703703703703704,0.925925925925926,0.481481481481481,0.333333333333333,0.814814814814815,0.481481481481481,0.222222222222222,0.111111111111111,0.222222222222222,1.11111111111111,2.25925925925926,27,0
"4","D. Willis","F",18.625,2.53125,5.25,1.65625,3.75,1,1.125,0.9375,3.03125,3.96875,0.375,0.65625,0.75,0.6875,1.71875,7.71875,32,11
"5","E.J. Floreal","G",1.23076923076923,0,0.0769230769230769,0,0,0,0.153846153846154,0.0769230769230769,0.384615384615385,0.461538461538462,0,0,0,0.0769230769230769,0,0,13,0
"6","I. Briscoe","G",32.1764705882353,3.88235294117647,8.85294117647059,0.147058823529412,1.08823529411765,1.67647058823529,3.64705882352941,1.44117647058824,3.88235294117647,5.32352941176471,3.14705882352941,1.02941176470588,0.147058823529412,1.94117647058824,2.82352941176471,9.58823529411765,34,33
"7","I. Humphries","F",9.1304347826087,0.695652173913043,1.78260869565217,0,0,0.478260869565217,0.652173913043478,0.869565217391304,1.56521739130435,2.43478260869565,0.0869565217391304,0.0869565217391304,0.695652173913043,0.434782608695652,2,1.8695652173913,23,1
"8","J. David","G",1,0,0.181818181818182,0,0.181818181818182,0.181818181818182,0.181818181818182,0,0,0,0,0,0,0.0909090909090909,0.0909090909090909,0.181818181818182,11,0
"9","J. Murray","G",35.1944444444444,6.77777777777778,14.9444444444444,3.13888888888889,7.69444444444444,3.30555555555556,4.22222222222222,1.47222222222222,3.69444444444444,5.16666666666667,2.19444444444444,0.972222222222222,0.305555555555556,2.33333333333333,2.08333333333333,20,36,36
"10","M. Lee","F",21.8055555555556,2.83333333333333,4.16666666666667,0,0,0.694444444444444,1.72222222222222,2.41666666666667,3.58333333333333,6,0.305555555555556,0.333333333333333,1.61111111111111,0.972222222222222,3.02777777777778,6.36111111111111,36,20
"11","M. Mulder","G",3.75,0.166666666666667,0.833333333333333,0.0833333333333333,0.5,0.0833333333333333,0.0833333333333333,0.375,0.75,1.125,0.333333333333333,0.0416666666666667,0,0.0833333333333333,0.25,0.5,24,0
"12","S. Labissiere","F",15.75,2.72222222222222,5.27777777777778,0,0.0555555555555556,1.13888888888889,1.72222222222222,0.972222222222222,2.16666666666667,3.13888888888889,0.305555555555556,0.25,1.63888888888889,0.916666666666667,3,6.58333333333333,36,18
"13","T. Ulis","G",36.8,5.48571428571429,12.6285714285714,1.57142857142857,4.57142857142857,4.77142857142857,5.57142857142857,0.542857142857143,2.45714285714286,3,7.02857142857143,1.45714285714286,0.114285714285714,1.97142857142857,1.82857142857143,17.3142857142857,35,35
