"","player","position","MIN","FGM","FGA","3PTM","3PTA","FTM","FTA","OREB","DREB","REB","AST","STL","BLK","TO","PF","PTS","starter","game_id"
"1","S. Labissiere","F",30,3,5,0,0,3,4,1,4,5,0,0,4,3,2,9,TRUE,"400809380"
"2","M. Lee","F",27,5,7,0,0,2,7,5,3,8,3,0,3,1,2,12,TRUE,"400809380"
"3","J. Murray","G",32,8,15,2,5,1,1,1,2,3,8,3,0,5,3,19,TRUE,"400809380"
"4","C. Matthews","G",15,2,2,0,0,0,0,1,1,2,0,0,0,1,3,4,TRUE,"400809380"
"5","T. Ulis","G",37,4,9,2,5,2,2,1,3,4,2,0,0,5,3,12,TRUE,"400809380"
"6","I. Humphries","F",7,0,1,0,0,4,4,0,2,2,0,0,0,1,0,4,FALSE,"400809380"
"7","D. Willis","F",28,4,7,2,5,4,4,2,3,5,3,2,0,3,1,14,FALSE,"400809380"
"8","A. Poythress","F",11,1,2,0,1,0,2,0,3,3,0,1,1,0,4,2,FALSE,"400809380"
"9","M. Mulder","G",2,1,1,0,0,0,0,0,0,0,0,0,0,0,0,2,FALSE,"400809380"
"10","D. Hawkins","G",11,0,1,0,1,0,0,1,0,1,0,0,0,0,3,0,FALSE,"400809380"
"11","S. Labissiere","F",21,10,12,0,0,6,6,3,2,5,0,1,2,3,3,26,TRUE,"400809381"
"12","D. Willis","F",17,4,5,3,4,0,0,0,3,3,1,0,2,0,1,11,TRUE,"400809381"
"13","M. Lee","F",20,4,8,0,0,2,2,7,1,8,0,1,3,0,3,10,TRUE,"400809381"
"14","J. Murray","G",30,3,13,1,10,1,1,1,4,5,2,1,0,3,2,8,TRUE,"400809381"
"15","T. Ulis","G",31,1,8,0,2,3,4,2,3,5,5,0,0,1,1,5,TRUE,"400809381"
"16","I. Humphries","F",6,2,4,0,0,1,2,1,2,3,0,0,1,2,1,5,FALSE,"400809381"
"17","A. Poythress","F",21,3,5,0,0,3,5,3,4,7,0,1,1,1,4,9,FALSE,"400809381"
"18","M. Mulder","G",3,0,0,0,0,0,0,0,2,2,1,0,0,0,0,0,FALSE,"400809381"
"19","C. Matthews","G",17,0,2,0,1,1,2,0,0,0,2,0,0,0,0,1,FALSE,"400809381"
"20","J. David","G",2,0,0,0,0,0,0,0,0,0,0,0,0,0,0,0,FALSE,"400809381"
"21","I. Briscoe","G",29,5,11,1,4,0,0,1,11,12,2,2,0,4,1,11,FALSE,"400809381"
"22","D. Hawkins","G",3,0,1,0,0,1,2,1,0,1,1,0,0,0,2,1,FALSE,"400809381"
"23","S. Labissiere","F",13,3,5,0,0,1,2,2,2,4,1,0,1,2,5,7,TRUE,"400809203"
"24","M. Lee","F",22,5,10,0,0,0,0,5,5,10,1,0,2,1,5,10,TRUE,"400809203"
"25","J. Murray","G",38,7,17,2,3,0,2,3,2,5,5,4,0,3,2,16,TRUE,"400809203"
"26","I. Briscoe","G",31,5,8,1,1,1,3,0,3,3,1,2,0,1,1,12,TRUE,"400809203"
"27","T. Ulis","G",40,6,13,0,4,6,6,0,4,4,6,2,1,0,0,18,TRUE,"400809203"
"28","I. Humphries","F",12,1,3,0,0,0,0,2,1,3,1,0,2,1,3,2,FALSE,"400809203"
"29","D. Willis","F",7,0,1,0,1,0,0,0,0,0,0,0,0,0,1,0,FALSE,"400809203"
"30","A. Poythress","F",30,3,10,0,1,3,5,4,3,7,0,0,1,0,4,9,FALSE,"400809203"
"31","C. Matthews","G",7,0,0,0,0,0,0,0,0,0,0,1,0,0,0,0,FALSE,"400809203"
"32","S. Labissiere","F",24,6,12,0,0,1,5,2,1,3,0,0,1,1,4,13,TRUE,"400814247"
"33","M. Lee","F",23,0,1,0,0,0,1,1,6,7,0,1,0,0,0,0,TRUE,"400814247"
"34","J. Murray","G",34,1,4,1,3,10,10,0,6,6,1,0,0,5,1,13,TRUE,"400814247"
"35","I. Briscoe","G",35,7,11,0,2,1,5,0,3,3,2,0,0,3,3,15,TRUE,"400814247"
"36","T. Ulis","G",36,5,9,1,3,10,12,0,2,2,5,2,0,2,1,21,TRUE,"400814247"
"37","D. Willis","F",9,1,3,0,1,0,0,0,0,0,0,0,0,0,1,2,FALSE,"400814247"
"38","A. Poythress","F",22,3,5,0,1,4,4,2,8,10,0,1,0,0,3,10,FALSE,"400814247"
"39","M. Mulder","G",4,0,0,0,0,0,0,0,2,2,1,0,0,0,1,0,FALSE,"400814247"
"40","C. Matthews","G",13,2,2,0,0,0,0,1,0,1,0,1,0,1,3,4,FALSE,"400814247"
"41","S. Labissiere","F",29,7,13,0,0,2,5,2,5,7,0,1,3,2,3,16,TRUE,"400809386"
"42","M. Lee","F",18,4,4,0,0,1,4,2,0,2,0,1,1,2,3,9,TRUE,"400809386"
"43","J. Murray","G",31,5,9,2,5,0,0,1,2,3,2,0,0,2,4,12,TRUE,"400809386"
"44","I. Briscoe","G",35,4,10,0,1,3,7,3,4,7,5,3,1,1,2,11,TRUE,"400809386"
"45","T. Ulis","G",34,4,12,1,5,6,6,0,6,6,6,3,0,2,1,15,TRUE,"400809386"
"46","D. Willis","F",9,1,6,0,3,0,0,1,1,2,0,2,0,0,1,2,FALSE,"400809386"
"47","A. Poythress","F",21,7,8,0,0,0,0,5,5,10,0,1,0,1,3,14,FALSE,"400809386"
"48","M. Mulder","G",1,0,0,0,0,0,0,0,0,0,0,0,0,0,0,0,FALSE,"400809386"
"49","C. Matthews","G",18,1,1,0,0,1,4,3,4,7,2,1,0,1,0,3,FALSE,"400809386"
"50","J. David","G",1,0,0,0,0,0,0,0,0,0,0,0,0,0,0,0,FALSE,"400809386"
"51","D. Hawkins","G",3,0,1,0,1,0,0,0,0,0,0,0,0,0,1,0,FALSE,"400809386"
"52","S. Labissiere","F",29,5,8,0,0,7,8,0,4,4,2,1,3,0,3,17,TRUE,"400809389"
"53","M. Lee","F",19,2,5,0,0,0,1,3,3,6,0,1,0,0,2,4,TRUE,"400809389"
"54","J. Murray","G",35,8,16,2,5,3,3,2,1,3,3,0,0,0,0,21,TRUE,"400809389"
"55","I. Briscoe","G",27,3,9,0,1,0,1,0,6,6,7,2,0,3,3,6,TRUE,"400809389"
"56","T. Ulis","G",14,2,4,2,2,2,2,2,0,2,2,2,0,1,0,8,TRUE,"400809389"
"57","I. Humphries","F",11,1,3,0,0,0,0,0,0,0,0,0,2,1,3,2,FALSE,"400809389"
"58","D. Willis","F",6,1,3,0,1,0,0,0,0,0,0,1,0,1,1,2,FALSE,"400809389"
"59","A. Poythress","F",21,4,6,0,0,0,0,0,5,5,0,0,0,0,3,8,FALSE,"400809389"
"60","M. Mulder","G",4,0,1,0,1,0,0,0,0,0,0,0,0,0,0,0,FALSE,"400809389"
"61","C. Matthews","G",24,4,5,1,1,2,2,1,1,2,1,1,0,2,2,11,FALSE,"400809389"
"62","J. David","G",1,0,0,0,0,2,2,0,0,0,0,0,0,0,0,2,FALSE,"400809389"
"63","D. Hawkins","G",9,1,2,1,2,0,0,0,0,0,1,1,0,0,0,3,FALSE,"400809389"
"64","S. Labissiere","F",16,0,1,0,0,2,2,0,2,2,0,0,1,1,3,2,TRUE,"400814193"
"65","A. Poythress","F",30,3,7,0,1,3,5,2,5,7,2,1,2,0,2,9,TRUE,"400814193"
"66","J. Murray","G",29,3,9,1,3,9,13,1,4,5,1,1,0,4,2,16,TRUE,"400814193"
"67","C. Matthews","G",34,1,6,0,1,3,8,1,2,3,2,2,1,3,3,5,TRUE,"400814193"
"68","I. Briscoe","G",27,7,13,0,2,4,7,1,6,7,3,1,1,5,5,18,TRUE,"400814193"
"69","D. Willis","F",8,1,2,1,2,2,2,0,2,2,0,0,1,0,0,5,FALSE,"400814193"
"70","M. Lee","F",30,6,8,0,0,1,2,7,5,12,0,0,2,1,3,13,FALSE,"400814193"
"71","M. Mulder","G",2,0,0,0,0,0,0,0,0,0,0,0,0,0,0,0,FALSE,"400814193"
"72","D. Hawkins","G",24,1,5,0,3,5,7,0,0,0,0,1,1,1,1,7,FALSE,"400814193"
"73","S. Labissiere","F",16,2,3,0,0,2,2,0,1,1,0,0,2,1,4,6,TRUE,"400814224"
"74","M. Lee","F",4,1,1,0,0,0,0,0,2,2,0,0,0,0,1,2,TRUE,"400814224"
"75","J. Murray","G",35,5,16,5,11,2,3,1,4,5,0,2,0,3,3,17,TRUE,"400814224"
"76","I. Briscoe","G",27,7,10,1,2,5,8,1,1,2,1,0,0,1,4,20,TRUE,"400814224"
"77","T. Ulis","G",38,2,12,1,5,4,4,0,2,2,9,2,0,2,3,9,TRUE,"400814224"
"78","I. Humphries","F",27,1,2,0,0,2,4,2,4,6,0,0,0,1,1,4,FALSE,"400814224"
"79","D. Willis","F",14,4,9,1,4,2,2,3,3,6,0,1,0,0,5,11,FALSE,"400814224"
"80","A. Poythress","F",17,1,6,0,1,2,2,3,2,5,1,1,0,0,5,4,FALSE,"400814224"
"81","C. Matthews","G",14,1,4,0,1,0,0,2,1,3,1,0,0,0,1,2,FALSE,"400814224"
"82","D. Hawkins","G",8,1,3,0,1,0,0,2,1,3,0,0,0,0,0,2,FALSE,"400814224"
"83","S. Labissiere","F",25,3,6,0,0,4,4,2,2,4,2,0,3,3,3,10,TRUE,"400814248"
"84","A. Poythress","F",24,9,12,0,2,3,3,6,7,13,0,0,0,1,4,21,TRUE,"400814248"
"85","J. Murray","G",36,6,15,2,9,2,4,2,5,7,4,0,1,4,2,16,TRUE,"400814248"
"86","I. Briscoe","G",26,5,9,0,0,0,3,2,4,6,1,2,0,1,4,10,TRUE,"400814248"
"87","T. Ulis","G",39,3,10,2,6,1,2,0,4,4,8,1,0,2,0,9,TRUE,"400814248"
"88","D. Willis","F",6,1,3,0,2,0,0,0,1,1,1,0,0,0,0,2,FALSE,"400814248"
"89","M. Lee","F",25,5,5,0,0,1,1,3,5,8,0,0,5,4,2,11,FALSE,"400814248"
"90","C. Matthews","G",13,3,4,0,0,1,1,1,1,2,0,0,0,2,1,7,FALSE,"400814248"
"91","D. Hawkins","G",6,0,0,0,0,2,2,1,1,2,2,0,0,0,1,2,FALSE,"400814248"
"92","S. Labissiere","F",13,0,2,0,0,0,0,0,0,0,0,0,1,1,5,0,TRUE,"400813775"
"93","A. Poythress","F",19,3,3,0,0,4,5,0,6,6,0,1,1,0,4,10,TRUE,"400813775"
"94","J. Murray","G",29,4,13,2,6,7,8,1,2,3,5,0,0,2,2,17,TRUE,"400813775"
"95","I. Briscoe","G",32,4,9,1,3,0,2,0,4,4,2,2,0,4,3,9,TRUE,"400813775"
"96","T. Ulis","G",40,3,11,2,7,4,5,1,4,5,6,0,0,2,0,12,TRUE,"400813775"
"97","I. Humphries","F",5,1,1,0,0,1,1,1,0,1,0,0,0,0,3,3,FALSE,"400813775"
"98","D. Willis","F",14,3,4,1,2,0,0,1,2,3,0,1,1,1,1,7,FALSE,"400813775"
"99","M. Lee","F",29,6,8,0,0,2,5,2,5,7,0,1,5,1,2,14,FALSE,"400813775"
"100","M. Mulder","G",7,0,1,0,1,0,0,2,0,2,1,0,0,0,0,0,FALSE,"400813775"
"101","C. Matthews","G",8,0,1,0,0,0,0,1,0,1,1,1,0,1,0,0,FALSE,"400813775"
"102","J. David","G",1,0,1,0,1,0,0,0,0,0,0,0,0,1,0,0,FALSE,"400813775"
"103","D. Hawkins","G",2,0,1,0,1,0,0,0,0,0,0,0,0,1,0,0,FALSE,"400813775"
"104","E.J. Floreal","G",1,0,0,0,0,0,0,1,0,1,0,0,0,0,0,0,FALSE,"400813775"
"105","S. Labissiere","F",21,1,7,0,0,0,0,1,4,5,0,0,2,0,1,2,TRUE,"400813750"
"106","A. Poythress","F",28,2,4,1,1,1,3,2,5,7,1,0,1,2,4,6,TRUE,"400813750"
"107","J. Murray","G",34,13,23,7,9,0,0,1,2,3,1,1,0,2,3,33,TRUE,"400813750"
"108","I. Briscoe","G",35,1,9,0,1,1,4,2,4,6,7,1,0,2,2,3,TRUE,"400813750"
"109","T. Ulis","G",39,4,12,1,7,2,2,1,1,2,4,1,0,3,1,11,TRUE,"400813750"
"110","M. Lee","F",30,4,7,0,0,4,5,2,7,9,0,2,2,2,5,12,FALSE,"400813750"
"111","M. Mulder","G",4,0,1,0,1,0,0,1,0,1,1,0,0,0,0,0,FALSE,"400813750"
"112","C. Matthews","G",7,0,0,0,0,0,0,0,0,0,0,1,0,1,1,0,FALSE,"400813750"
"113","D. Hawkins","G",2,0,0,0,0,0,0,0,0,0,0,0,0,0,0,0,FALSE,"400813750"
"114","M. Lee","F",30,4,5,0,0,0,0,4,3,7,0,1,1,1,4,8,TRUE,"400814249"
"115","A. Poythress","F",34,5,7,0,1,4,7,2,4,6,1,1,3,1,1,14,TRUE,"400814249"
"116","J. Murray","G",34,3,14,3,8,3,6,1,5,6,2,0,1,7,3,12,TRUE,"400814249"
"117","C. Matthews","G",10,1,3,0,0,0,0,1,1,2,0,0,0,0,4,2,TRUE,"400814249"
"118","T. Ulis","G",39,7,12,4,7,3,4,0,1,1,8,1,1,1,2,21,TRUE,"400814249"
"119","S. Labissiere","F",10,0,3,0,0,2,2,1,2,3,0,1,0,0,2,2,FALSE,"400814249"
"120","D. Willis","F",16,1,4,1,3,0,0,1,1,2,0,0,0,2,0,3,FALSE,"400814249"
"121","M. Mulder","G",1,0,0,0,0,0,0,0,0,0,0,0,0,0,0,0,FALSE,"400814249"
"122","D. Hawkins","G",26,3,4,3,4,4,6,0,1,1,1,0,0,1,3,13,FALSE,"400814249"
"123","M. Lee","F",28,6,9,0,0,1,5,3,5,8,0,0,2,0,2,13,TRUE,"400830373"
"124","A. Poythress","F",23,2,5,0,1,2,3,3,6,9,0,0,0,3,4,6,TRUE,"400830373"
"125","J. Murray","G",39,7,17,4,12,0,0,3,3,6,3,1,0,2,1,18,TRUE,"400830373"
"126","I. Briscoe","G",35,2,8,0,2,2,4,2,3,5,3,4,0,1,3,6,TRUE,"400830373"
"127","T. Ulis","G",38,8,13,1,6,3,4,1,2,3,10,6,0,3,3,20,TRUE,"400830373"
"128","S. Labissiere","F",14,4,7,0,0,1,2,3,0,3,0,0,0,0,5,9,FALSE,"400830373"
"129","I. Humphries","F",1,0,1,0,0,0,0,0,0,0,0,0,0,1,2,0,FALSE,"400830373"
"130","D. Willis","F",9,3,4,2,3,0,0,1,0,1,1,0,0,2,1,8,FALSE,"400830373"
"131","C. Matthews","G",10,1,1,0,0,1,2,1,0,1,0,2,0,0,2,3,FALSE,"400830373"
"132","D. Hawkins","G",3,0,1,0,1,0,0,0,0,0,1,0,0,0,2,0,FALSE,"400830373"
"133","M. Lee","F",5,0,2,0,0,0,0,0,2,2,0,0,0,2,5,0,TRUE,"400830377"
"134","A. Poythress","F",26,2,3,0,1,0,3,0,4,4,0,0,0,3,5,4,TRUE,"400830377"
"135","J. Murray","G",36,9,17,2,5,1,1,1,1,2,1,1,0,2,2,21,TRUE,"400830377"
"136","I. Briscoe","G",30,2,6,0,2,1,7,1,5,6,0,1,1,3,4,5,TRUE,"400830377"
"137","T. Ulis","G",40,7,16,2,6,7,8,1,0,1,6,0,0,2,1,23,TRUE,"400830377"
"138","S. Labissiere","F",16,1,3,0,0,1,2,1,1,2,0,0,0,1,2,3,FALSE,"400830377"
"139","I. Humphries","F",7,0,2,0,0,0,0,0,1,1,0,0,0,0,3,0,FALSE,"400830377"
"140","D. Willis","F",19,2,5,2,4,0,0,2,1,3,0,1,0,0,2,6,FALSE,"400830377"
"141","M. Mulder","G",14,1,4,1,2,2,2,3,5,8,0,0,0,0,0,5,FALSE,"400830377"
"142","C. Matthews","G",7,0,0,0,0,0,0,1,0,1,1,0,0,1,1,0,FALSE,"400830377"
"143","M. Lee","F",24,4,5,0,0,0,5,5,6,11,0,0,1,2,4,8,TRUE,"400830384"
"144","A. Poythress","F",34,8,10,0,1,9,11,3,4,7,0,0,1,4,3,25,TRUE,"400830384"
"145","J. Murray","G",31,7,13,1,4,6,6,2,3,5,0,1,0,1,3,21,TRUE,"400830384"
"146","I. Briscoe","G",36,6,10,0,1,0,2,1,4,5,4,0,0,1,1,12,TRUE,"400830384"
"147","T. Ulis","G",39,2,7,0,1,4,6,0,5,5,8,1,1,1,2,8,TRUE,"400830384"
"148","S. Labissiere","F",4,0,1,0,0,0,0,0,1,1,0,0,1,0,3,0,FALSE,"400830384"
"149","D. Willis","F",17,0,0,0,0,0,0,0,2,2,0,0,0,0,4,0,FALSE,"400830384"
"150","M. Mulder","G",11,1,4,1,2,0,0,2,2,4,0,0,0,1,2,3,FALSE,"400830384"
"151","C. Matthews","G",3,0,1,0,0,0,0,0,0,0,0,0,0,0,1,0,FALSE,"400830384"
"152","E.J. Floreal","G",1,0,0,0,0,0,0,0,0,0,0,0,0,0,0,0,FALSE,"400830384"
"153","M. Lee","F",24,1,2,0,0,0,0,2,7,9,0,0,2,3,5,2,TRUE,"400830393"
"154","A. Poythress","F",31,1,4,0,1,4,6,2,6,8,0,1,0,1,4,6,TRUE,"400830393"
"155","J. Murray","G",36,7,14,5,11,3,4,0,1,1,3,1,0,4,3,22,TRUE,"400830393"
"156","I. Briscoe","G",36,7,9,0,0,0,1,2,2,4,5,1,0,1,4,14,TRUE,"400830393"
"157","T. Ulis","G",36,7,14,2,6,5,5,1,2,3,5,2,0,4,3,21,TRUE,"400830393"
"158","S. Labissiere","F",14,2,3,0,0,1,2,1,3,4,0,0,1,1,1,5,FALSE,"400830393"
"159","D. Willis","F",11,2,3,2,2,2,2,1,1,2,1,1,1,1,0,8,FALSE,"400830393"
"160","M. Mulder","G",10,1,5,0,3,0,0,0,0,0,2,1,0,0,0,2,FALSE,"400830393"
"161","C. Matthews","G",2,0,1,0,0,0,0,0,0,0,0,0,0,1,1,0,FALSE,"400830393"
"162","M. Lee","F",19,1,3,0,0,1,2,2,2,4,1,0,2,0,3,3,TRUE,"400830399"
"163","A. Poythress","F",21,2,5,0,0,2,2,0,3,3,0,1,3,1,2,6,TRUE,"400830399"
"164","J. Murray","G",36,8,22,4,10,0,1,4,1,5,2,3,0,2,5,20,TRUE,"400830399"
"165","I. Briscoe","G",31,3,12,0,0,2,4,2,1,3,1,2,0,4,4,8,TRUE,"400830399"
"166","T. Ulis","G",40,5,17,0,3,7,7,5,5,10,8,0,0,1,4,17,TRUE,"400830399"
"167","S. Labissiere","F",8,2,3,0,0,0,0,0,2,2,0,0,1,1,3,4,FALSE,"400830399"
"168","D. Willis","F",31,4,10,2,5,2,2,3,9,12,2,1,1,2,3,12,FALSE,"400830399"
"169","M. Mulder","G",7,0,0,0,0,0,0,0,3,3,0,0,0,0,0,0,FALSE,"400830399"
"170","C. Matthews","G",7,0,0,0,0,0,0,0,0,0,1,0,0,0,1,0,FALSE,"400830399"
"171","J. David","G",0,0,0,0,0,0,0,0,0,0,0,0,0,0,0,0,FALSE,"400830399"
"172","E.J. Floreal","G",0,0,0,0,0,0,0,0,0,0,0,0,0,0,0,0,FALSE,"400830399"
"173","D. Willis","F",35,5,8,2,4,0,0,2,5,7,0,1,4,1,2,12,TRUE,"400830405"
"174","A. Poythress","F",15,3,5,0,0,1,2,2,4,6,0,0,1,0,4,7,TRUE,"400830405"
"175","J. Murray","G",37,7,18,1,7,4,5,1,6,7,1,1,1,2,2,19,TRUE,"400830405"
"176","I. Briscoe","G",29,1,7,0,2,0,0,3,4,7,3,0,0,0,4,2,TRUE,"400830405"
"177","T. Ulis","G",38,4,10,2,3,14,15,0,1,1,5,1,0,1,3,24,TRUE,"400830405"
"178","S. Labissiere","F",20,4,10,0,0,3,4,2,1,3,0,1,3,0,4,11,FALSE,"400830405"
"179","I. Humphries","F",1,0,0,0,0,0,0,0,0,0,0,0,0,0,1,0,FALSE,"400830405"
"180","M. Lee","F",10,2,3,0,0,0,0,1,1,2,0,1,0,1,5,4,FALSE,"400830405"
"181","M. Mulder","G",2,0,0,0,0,0,0,0,1,1,0,0,0,1,0,0,FALSE,"400830405"
"182","C. Matthews","G",12,0,1,0,0,1,2,2,1,3,0,0,0,0,0,1,FALSE,"400830405"
"183","J. David","G",0,0,0,0,0,0,0,0,0,0,0,0,0,0,0,0,FALSE,"400830405"
"184","E.J. Floreal","G",1,0,0,0,0,0,2,0,1,1,0,0,0,0,0,0,FALSE,"400830405"
"185","D. Willis","F",30,2,8,1,6,2,2,1,8,9,0,1,1,0,3,7,TRUE,"400830416"
"186","A. Poythress","F",27,8,10,0,1,0,0,0,2,2,0,0,0,0,3,16,TRUE,"400830416"
"187","J. Murray","G",36,7,13,3,6,1,1,2,5,7,2,3,1,0,0,18,TRUE,"400830416"
"188","I. Briscoe","G",36,3,8,0,1,0,0,0,4,4,4,0,0,2,3,6,TRUE,"400830416"
"189","T. Ulis","G",34,9,13,2,4,1,1,0,3,3,5,1,0,2,3,21,TRUE,"400830416"
"190","S. Labissiere","F",4,0,1,0,1,0,0,0,0,0,0,0,0,0,2,0,FALSE,"400830416"
"191","M. Lee","F",17,3,5,0,0,0,0,1,4,5,0,1,1,0,3,6,FALSE,"400830416"
"192","C. Matthews","G",15,1,2,0,0,0,2,2,0,2,1,0,0,2,2,2,FALSE,"400830416"
"193","E.J. Floreal","G",1,0,0,0,0,0,0,0,0,0,0,0,0,0,0,0,FALSE,"400830416"
"194","D. Willis","F",25,6,9,4,5,2,2,3,9,12,1,0,2,2,0,18,TRUE,"400830421"
"195","A. Poythress","F",21,2,5,0,0,4,4,2,5,7,1,1,0,2,1,8,TRUE,"400830421"
"196","J. Murray","G",33,4,14,3,8,0,1,2,7,9,2,2,0,0,2,11,TRUE,"400830421"
"197","I. Briscoe","G",33,5,9,0,0,5,6,2,4,6,6,2,0,0,2,15,TRUE,"400830421"
"198","T. Ulis","G",29,9,14,2,6,0,0,0,2,2,8,0,0,3,0,20,TRUE,"400830421"
"199","S. Labissiere","F",18,6,8,0,0,0,1,0,0,0,0,1,5,2,1,12,FALSE,"400830421"
"200","I. Humphries","F",7,0,0,0,0,0,0,0,1,1,0,0,0,0,1,0,FALSE,"400830421"
"201","M. Lee","F",9,1,2,0,0,0,0,2,1,3,0,0,3,1,2,2,FALSE,"400830421"
"202","M. Mulder","G",4,0,0,0,0,0,0,0,0,0,0,0,0,0,2,0,FALSE,"400830421"
"203","C. Matthews","G",17,1,2,0,0,0,0,2,1,3,0,0,1,0,0,2,FALSE,"400830421"
"204","J. David","G",1,0,1,0,1,0,0,0,0,0,0,0,0,0,1,0,FALSE,"400830421"
"205","E.J. Floreal","G",3,0,1,0,0,0,0,0,1,1,0,0,0,1,0,0,FALSE,"400830421"
"206","D. Willis","F",23,2,5,1,4,1,2,1,4,5,0,3,0,1,5,6,TRUE,"400809418"
"207","A. Poythress","F",37,5,8,1,2,2,2,0,8,8,1,2,1,3,5,13,TRUE,"400809418"
"208","J. Murray","G",39,6,11,2,7,1,2,1,5,6,0,1,1,3,3,15,TRUE,"400809418"
"209","I. Briscoe","G",38,3,9,0,1,6,12,1,3,4,5,0,1,3,4,12,TRUE,"400809418"
"210","T. Ulis","G",45,11,19,1,6,3,4,0,2,2,8,3,0,3,2,26,TRUE,"400809418"
"211","S. Labissiere","F",14,2,3,0,0,0,0,0,0,0,0,0,1,1,5,4,FALSE,"400809418"
"212","M. Lee","F",12,2,2,0,0,0,0,2,1,3,0,0,2,1,5,4,FALSE,"400809418"
"213","C. Matthews","G",2,0,0,0,0,0,0,0,0,0,0,0,0,0,0,0,FALSE,"400809418"
"214","D. Hawkins","G",15,2,5,0,3,0,0,0,1,1,1,1,0,0,4,4,FALSE,"400809418"
"215","D. Willis","F",35,3,8,2,6,0,0,1,7,8,0,0,0,2,3,8,TRUE,"400830428"
"216","A. Poythress","F",17,6,9,0,0,2,4,3,2,5,1,0,0,4,5,14,TRUE,"400830428"
"217","J. Murray","G",36,7,20,3,12,4,4,3,2,5,5,0,0,2,1,21,TRUE,"400830428"
"218","I. Briscoe","G",30,5,10,0,0,0,1,4,4,8,3,0,0,1,4,10,TRUE,"400830428"
"219","T. Ulis","G",38,3,10,2,4,12,14,0,0,0,5,2,0,1,5,20,TRUE,"400830428"
"220","S. Labissiere","F",11,1,2,0,0,0,0,0,2,2,1,0,3,1,2,2,FALSE,"400830428"
"221","M. Lee","F",20,1,1,0,0,0,0,1,2,3,0,0,1,0,3,2,FALSE,"400830428"
"222","C. Matthews","G",3,0,0,0,0,0,0,0,0,0,0,0,0,0,1,0,FALSE,"400830428"
"223","D. Hawkins","G",10,0,2,0,0,0,0,0,0,0,0,0,0,0,2,0,FALSE,"400830428"
"224","D. Willis","F",25,3,7,2,6,4,5,0,6,6,0,0,0,1,1,12,TRUE,"400830434"
"225","M. Lee","F",26,2,2,0,0,0,1,1,5,6,1,0,2,0,5,4,TRUE,"400830434"
"226","J. Murray","G",36,13,21,8,10,1,2,1,5,6,1,0,0,2,0,35,TRUE,"400830434"
"227","I. Briscoe","G",34,1,6,0,1,1,2,1,1,2,6,0,0,1,3,3,TRUE,"400830434"
"228","T. Ulis","G",38,7,12,2,3,2,3,1,3,4,11,2,0,2,2,18,TRUE,"400830434"
"229","S. Labissiere","F",15,1,3,0,0,0,0,1,2,3,0,0,1,3,4,2,FALSE,"400830434"
"230","I. Humphries","F",15,2,3,0,0,0,0,3,3,6,0,0,2,0,3,4,FALSE,"400830434"
"231","M. Mulder","G",0,0,0,0,0,0,0,0,0,0,0,0,0,0,0,0,FALSE,"400830434"
"232","C. Matthews","G",11,1,4,0,0,0,1,0,1,1,0,0,0,0,0,2,FALSE,"400830434"
"233","D. Hawkins","G",0,0,0,0,0,0,0,0,0,0,0,0,0,0,0,0,FALSE,"400830434"
"234","E.J. Floreal","G",0,0,0,0,0,0,0,0,0,0,0,0,0,0,0,0,FALSE,"400830434"
"235","D. Willis","F",28,4,8,3,7,0,0,1,5,6,0,2,1,0,1,11,TRUE,"400830442"
"236","M. Lee","F",16,2,2,0,0,0,1,1,1,2,0,0,1,0,2,4,TRUE,"400830442"
"237","J. Murray","G",30,8,14,6,10,2,2,0,2,2,0,2,0,1,2,24,TRUE,"400830442"
"238","I. Briscoe","G",23,2,6,0,0,3,8,0,3,3,4,1,0,2,2,7,TRUE,"400830442"
"239","T. Ulis","G",34,6,11,0,2,2,3,0,3,3,8,3,0,0,1,14,TRUE,"400830442"
"240","S. Labissiere","F",18,3,9,0,1,0,0,4,3,7,0,0,1,0,5,6,FALSE,"400830442"
"241","I. Humphries","F",14,0,1,0,0,0,0,0,3,3,0,0,4,1,5,0,FALSE,"400830442"
"242","M. Mulder","G",3,0,0,0,0,0,0,0,1,1,0,0,0,0,0,0,FALSE,"400830442"
"243","C. Matthews","G",16,2,2,0,0,3,4,3,2,5,0,0,0,0,1,7,FALSE,"400830442"
"244","J. David","G",2,0,0,0,0,0,0,0,0,0,0,0,0,0,0,0,FALSE,"400830442"
"245","D. Hawkins","G",13,2,3,1,1,4,4,0,0,0,1,0,0,1,1,9,FALSE,"400830442"
"246","E.J. Floreal","G",3,0,0,0,0,0,0,0,1,1,0,0,0,0,0,0,FALSE,"400830442"
"247","D. Willis","F",18,3,4,3,4,0,0,0,2,2,0,1,1,0,4,9,TRUE,"400830450"
"248","M. Lee","F",36,5,9,0,0,1,1,6,7,13,0,0,2,2,2,11,TRUE,"400830450"
"249","J. Murray","G",38,9,21,4,11,4,6,1,4,5,1,1,0,2,0,26,TRUE,"400830450"
"250","I. Briscoe","G",31,4,8,0,1,2,3,1,4,5,3,1,0,5,3,10,TRUE,"400830450"
"251","T. Ulis","G",38,7,14,4,8,9,11,0,0,0,12,2,0,1,1,27,TRUE,"400830450"
"252","S. Labissiere","F",16,2,4,0,0,0,0,1,0,1,0,1,1,1,4,4,FALSE,"400830450"
"253","I. Humphries","F",7,0,0,0,0,0,0,0,1,1,0,0,0,0,4,0,FALSE,"400830450"
"254","C. Matthews","G",12,1,3,0,0,0,0,2,3,5,1,0,0,1,1,2,FALSE,"400830450"
"255","D. Hawkins","G",4,0,1,0,1,0,0,0,0,0,0,0,1,0,0,0,FALSE,"400830450"
"256","D. Willis","F",25,8,12,7,11,2,2,2,3,5,0,0,1,0,3,25,TRUE,"400830459"
"257","M. Lee","F",17,2,3,0,0,0,0,1,3,4,0,0,0,0,0,4,TRUE,"400830459"
"258","J. Murray","G",35,8,12,3,6,9,10,2,7,9,2,1,1,2,2,28,TRUE,"400830459"
"259","I. Briscoe","G",36,2,10,0,3,1,4,2,8,10,1,0,0,0,3,5,TRUE,"400830459"
"260","T. Ulis","G",35,3,15,1,4,4,4,0,4,4,9,0,0,2,2,11,TRUE,"400830459"
"261","S. Labissiere","F",14,2,6,0,0,0,0,1,3,4,1,0,0,1,3,4,FALSE,"400830459"
"262","I. Humphries","F",16,1,2,0,0,1,2,4,2,6,0,0,2,1,4,3,FALSE,"400830459"
"263","M. Mulder","G",1,0,0,0,0,0,0,0,0,0,0,0,0,0,0,0,FALSE,"400830459"
"264","C. Matthews","G",15,0,2,0,0,0,1,1,1,2,0,1,0,1,2,0,FALSE,"400830459"
"265","J. David","G",1,0,0,0,0,0,0,0,0,0,0,0,0,0,0,0,FALSE,"400830459"
"266","D. Hawkins","G",5,0,0,0,0,0,0,1,0,1,0,0,0,0,0,0,FALSE,"400830459"
"267","D. Willis","F",20,1,4,1,3,0,0,0,1,1,0,0,0,0,1,3,TRUE,"400830463"
"268","M. Lee","F",31,4,5,0,0,0,1,1,4,5,0,0,3,2,5,8,TRUE,"400830463"
"269","J. Murray","G",42,6,16,4,10,5,6,0,1,1,1,0,0,1,2,21,TRUE,"400830463"
"270","I. Briscoe","G",41,5,12,1,1,0,0,1,5,6,3,0,0,2,4,11,TRUE,"400830463"
"271","T. Ulis","G",45,7,12,3,5,5,6,0,4,4,11,1,1,4,2,22,TRUE,"400830463"
"272","S. Labissiere","F",9,1,1,0,0,1,2,1,2,3,0,0,1,0,2,3,FALSE,"400830463"
"273","I. Humphries","F",20,2,2,0,0,2,2,2,10,12,0,1,2,0,5,6,FALSE,"400830463"
"274","C. Matthews","G",7,0,1,0,0,0,0,0,1,1,0,0,0,0,0,0,FALSE,"400830463"
"275","D. Hawkins","G",10,1,1,1,1,0,0,0,0,0,0,1,0,0,0,3,FALSE,"400830463"
"276","I. Humphries","F",21,2,5,0,0,0,0,2,2,4,1,0,1,0,2,4,TRUE,"400830468"
"277","M. Lee","F",31,3,5,0,0,0,0,6,6,12,2,0,1,1,2,6,TRUE,"400830468"
"278","J. Murray","G",37,7,14,2,5,7,8,2,2,4,0,1,2,1,2,23,TRUE,"400830468"
"279","I. Briscoe","G",33,4,11,0,1,2,3,1,3,4,1,1,0,0,2,10,TRUE,"400830468"
"280","T. Ulis","G",36,5,13,0,3,9,11,0,5,5,10,3,0,1,2,19,TRUE,"400830468"
"281","S. Labissiere","F",9,1,3,0,0,0,0,0,2,2,0,0,1,0,1,2,FALSE,"400830468"
"282","A. Poythress","F",17,5,6,0,0,4,6,1,0,1,0,0,0,1,3,14,FALSE,"400830468"
"283","M. Mulder","G",2,0,1,0,0,0,0,1,0,1,0,0,0,0,0,0,FALSE,"400830468"
"284","C. Matthews","G",5,0,0,0,0,0,0,0,2,2,0,1,0,0,0,0,FALSE,"400830468"
"285","D. Hawkins","G",7,0,1,0,1,0,0,0,0,0,1,0,0,0,1,0,FALSE,"400830468"
"286","E.J. Floreal","G",2,0,0,0,0,0,0,0,2,2,0,0,0,0,0,0,FALSE,"400830468"
"287","M. Lee","F",30,2,2,0,0,5,9,2,4,6,1,0,3,0,4,9,TRUE,"400830478"
"288","A. Poythress","F",16,0,0,0,0,0,0,0,3,3,0,0,1,1,5,0,TRUE,"400830478"
"289","J. Murray","G",37,12,20,6,10,3,4,2,7,9,1,0,0,2,2,33,TRUE,"400830478"
"290","I. Briscoe","G",34,4,8,0,3,0,4,1,3,4,2,0,0,0,2,8,TRUE,"400830478"
"291","T. Ulis","G",39,5,20,0,7,2,4,1,2,3,6,1,0,1,3,12,TRUE,"400830478"
"292","S. Labissiere","F",8,0,1,0,0,0,0,0,1,1,0,0,1,0,4,0,FALSE,"400830478"
"293","I. Humphries","F",14,0,2,0,0,0,0,0,1,1,0,0,0,0,1,0,FALSE,"400830478"
"294","M. Mulder","G",1,0,1,0,1,0,0,0,1,1,0,0,0,0,0,0,FALSE,"400830478"
"295","C. Matthews","G",11,0,0,0,0,0,2,2,2,4,0,1,2,0,1,0,FALSE,"400830478"
"296","J. David","G",1,0,0,0,0,0,0,0,0,0,0,0,0,0,0,0,FALSE,"400830478"
"297","D. Hawkins","G",8,0,1,0,1,0,0,1,0,1,0,0,0,1,0,0,FALSE,"400830478"
"298","E.J. Floreal","G",1,0,0,0,0,0,0,0,0,0,0,0,0,0,0,0,FALSE,"400830478"
"299","S. Labissiere","F",15,5,10,0,0,1,4,3,5,8,0,1,1,1,4,11,TRUE,"400830484"
"300","A. Poythress","F",30,5,12,0,0,2,2,0,10,10,1,0,1,1,5,12,TRUE,"400830484"
"301","J. Murray","G",39,5,10,4,6,7,10,0,8,8,4,0,1,3,2,21,TRUE,"400830484"
"302","I. Briscoe","G",32,4,7,0,0,5,6,2,1,3,3,0,0,0,5,13,TRUE,"400830484"
"303","T. Ulis","G",37,5,10,2,3,7,8,0,4,4,11,1,0,4,3,19,TRUE,"400830484"
"304","I. Humphries","F",7,2,3,0,0,0,0,2,1,3,0,0,0,1,2,4,FALSE,"400830484"
"305","M. Lee","F",26,2,2,0,0,1,2,1,7,8,0,0,3,1,3,5,FALSE,"400830484"
"306","C. Matthews","G",3,0,0,0,0,0,0,0,0,0,0,0,0,0,0,0,FALSE,"400830484"
"307","D. Hawkins","G",11,1,1,1,1,0,0,0,0,0,0,1,1,0,3,3,FALSE,"400830484"
"308","S. Labissiere","F",25,8,10,0,0,2,3,2,7,9,2,0,6,2,1,18,TRUE,"400830492"
"309","A. Poythress","F",19,6,7,0,0,0,0,2,1,3,1,1,0,1,4,12,TRUE,"400830492"
"310","J. Murray","G",32,6,12,4,8,6,7,2,5,7,4,0,0,2,4,22,TRUE,"400830492"
"311","I. Briscoe","G",33,4,14,0,0,0,0,3,3,6,3,2,0,2,2,8,TRUE,"400830492"
"312","T. Ulis","G",38,5,16,1,5,3,4,1,4,5,14,0,0,1,1,14,TRUE,"400830492"
"313","I. Humphries","F",1,1,1,0,0,0,0,0,0,0,0,0,0,0,0,2,FALSE,"400830492"
"314","D. Willis","F",14,2,4,2,4,0,0,0,1,1,0,0,0,0,1,6,FALSE,"400830492"
"315","M. Lee","F",21,6,7,0,0,0,3,6,4,10,0,0,0,2,3,12,FALSE,"400830492"
"316","M. Mulder","G",2,0,0,0,0,0,0,0,0,0,0,0,0,0,0,0,FALSE,"400830492"
"317","C. Matthews","G",2,0,0,0,0,0,0,0,0,0,0,0,0,0,0,0,FALSE,"400830492"
"318","D. Hawkins","G",13,0,1,0,1,0,0,1,1,2,2,0,0,1,0,0,FALSE,"400830492"
"319","S. Labissiere","F",18,3,6,0,0,1,2,1,4,5,0,0,0,0,2,7,TRUE,"400870820"
"320","A. Poythress","F",29,7,8,4,5,2,2,4,3,7,0,0,1,1,1,20,TRUE,"400870820"
"321","J. Murray","G",33,8,15,5,9,2,2,1,2,3,4,1,0,1,2,23,TRUE,"400870820"
"322","I. Briscoe","G",31,1,5,0,0,2,5,1,3,4,6,0,0,1,1,4,TRUE,"400870820"
"323","T. Ulis","G",31,5,11,2,2,5,5,0,1,1,5,0,0,2,2,17,TRUE,"400870820"
"324","I. Humphries","F",1,0,0,0,0,0,0,0,0,0,0,1,0,0,0,0,FALSE,"400870820"
"325","D. Willis","F",13,2,4,1,3,0,0,0,1,1,0,0,0,0,3,5,FALSE,"400870820"
"326","M. Lee","F",18,1,1,0,0,0,0,1,4,5,1,0,0,2,2,2,FALSE,"400870820"
"327","M. Mulder","G",2,0,0,0,0,0,0,0,0,0,1,0,0,0,0,0,FALSE,"400870820"
"328","C. Matthews","G",3,0,0,0,0,0,0,0,0,0,0,0,0,0,0,0,FALSE,"400870820"
"329","D. Hawkins","G",20,3,5,1,3,0,0,1,1,2,1,0,0,0,3,7,FALSE,"400870820"
"330","E.J. Floreal","G",1,0,0,0,0,0,0,0,0,0,0,0,0,0,0,0,FALSE,"400870820"
"331","S. Labissiere","F",4,1,1,0,0,0,0,0,0,0,0,0,0,0,3,2,TRUE,"400871138"
"332","A. Poythress","F",19,5,9,0,0,0,1,0,2,2,0,1,0,0,4,10,TRUE,"400871138"
"333","J. Murray","G",39,8,12,3,7,7,8,2,4,6,2,0,0,1,1,26,TRUE,"400871138"
"334","I. Briscoe","G",28,4,8,0,1,4,5,3,4,7,2,1,0,3,1,12,TRUE,"400871138"
"335","T. Ulis","G",39,7,16,4,7,7,8,1,0,1,5,2,0,1,1,25,TRUE,"400871138"
"336","I. Humphries","F",1,0,1,0,0,0,0,1,0,1,0,0,0,0,0,0,FALSE,"400871138"
"337","D. Willis","F",25,2,6,2,5,8,8,2,5,7,0,0,4,0,3,14,FALSE,"400871138"
"338","M. Lee","F",28,1,2,0,0,0,0,0,1,1,1,0,0,0,3,2,FALSE,"400871138"
"339","M. Mulder","G",1,0,0,0,0,0,0,0,0,0,0,0,0,0,1,0,FALSE,"400871138"
"340","C. Matthews","G",11,0,1,0,0,0,0,1,2,3,0,2,1,0,1,0,FALSE,"400871138"
"341","D. Hawkins","G",4,1,2,0,1,0,0,0,0,0,0,0,0,0,0,2,FALSE,"400871138"
"342","E.J. Floreal","G",1,0,0,0,0,0,0,0,0,0,0,0,0,0,0,0,FALSE,"400871138"
"343","S. Labissiere","F",8,1,2,0,0,0,0,0,1,1,1,0,2,0,3,2,TRUE,"400871116"
"344","A. Poythress","F",29,3,6,1,2,3,5,1,5,6,0,1,0,3,5,10,TRUE,"400871116"
"345","J. Murray","G",44,5,14,3,10,4,5,2,3,5,0,2,0,2,0,17,TRUE,"400871116"
"346","I. Briscoe","G",41,5,8,0,0,0,1,1,4,5,6,2,0,2,3,10,TRUE,"400871116"
"347","T. Ulis","G",45,10,17,3,5,7,8,0,3,3,5,3,0,1,0,30,TRUE,"400871116"
"348","I. Humphries","F",7,0,3,0,0,0,0,0,2,2,0,0,0,0,2,0,FALSE,"400871116"
"349","D. Willis","F",25,3,7,3,7,1,2,1,3,4,1,1,2,2,1,10,FALSE,"400871116"
"350","M. Lee","F",18,1,1,0,0,0,0,0,1,1,0,0,2,0,4,2,FALSE,"400871116"
"351","C. Matthews","G",7,0,0,0,0,1,3,2,0,2,0,0,0,1,0,1,FALSE,"400871116"
"352","D. Hawkins","G",1,0,0,0,0,0,0,0,0,0,0,0,0,0,0,0,FALSE,"400871116"
"353","S. Labissiere","F",23,6,10,0,0,0,0,0,4,4,1,1,6,0,3,12,TRUE,"400871260"
"354","A. Poythress","F",22,4,6,0,0,4,4,0,4,4,0,2,2,0,4,12,TRUE,"400871260"
"355","J. Murray","G",31,7,16,2,7,3,4,2,5,7,2,0,2,3,3,19,TRUE,"400871260"
"356","I. Briscoe","G",30,5,8,0,0,3,3,3,8,11,1,1,1,4,0,13,TRUE,"400871260"
"357","T. Ulis","G",30,4,10,0,2,2,2,0,1,1,7,1,0,3,1,10,TRUE,"400871260"
"358","I. Humphries","F",2,0,1,0,0,0,0,0,0,0,0,0,0,0,0,0,FALSE,"400871260"
"359","D. Willis","F",19,3,3,2,2,0,0,1,4,5,1,1,2,0,1,8,FALSE,"400871260"
"360","M. Lee","F",14,2,3,0,0,3,4,0,3,3,0,2,1,0,3,7,FALSE,"400871260"
"361","M. Mulder","G",2,0,1,0,1,0,0,0,1,1,1,0,0,0,0,0,FALSE,"400871260"
"362","C. Matthews","G",8,1,1,0,0,0,0,1,0,1,0,0,1,0,0,2,FALSE,"400871260"
"363","J. David","G",1,0,0,0,0,0,0,0,0,0,0,0,0,0,0,0,FALSE,"400871260"
"364","D. Hawkins","G",17,1,4,0,1,0,0,2,2,4,1,1,0,0,2,2,FALSE,"400871260"
"365","E.J. Floreal","G",1,0,0,0,0,0,0,0,0,0,0,0,0,0,0,0,FALSE,"400871260"
"366","S. Labissiere","F",15,2,6,0,0,0,0,0,5,5,0,0,0,1,3,4,TRUE,"400872166"
"367","A. Poythress","F",21,1,5,0,0,4,4,3,3,6,0,1,0,2,4,6,TRUE,"400872166"
"368","J. Murray","G",38,7,18,1,9,1,2,2,5,7,4,1,0,3,4,16,TRUE,"400872166"
"369","I. Briscoe","G",29,2,3,0,0,3,3,1,2,3,1,1,0,3,4,7,TRUE,"400872166"
"370","T. Ulis","G",39,10,20,3,6,4,5,0,0,0,3,2,0,4,5,27,TRUE,"400872166"
"371","D. Willis","F",15,0,2,0,1,0,1,0,4,4,0,1,0,1,1,0,FALSE,"400872166"
"372","M. Lee","F",28,2,3,0,0,0,0,1,3,4,0,0,2,2,2,4,FALSE,"400872166"
"373","C. Matthews","G",1,0,0,0,0,0,0,0,0,0,0,0,0,0,0,0,FALSE,"400872166"
"374","D. Hawkins","G",14,0,0,0,0,3,4,2,1,3,0,0,0,0,1,3,FALSE,"400872166"
