"","player","position","MIN","FGM","FGA","3PTM","3PTA","FTM","FTA","OREB","DREB","REB","AST","STL","BLK","TO","PF","PTS","GP","GS"
"1","A. Harrison","G",25.6282051282051,3.16666666666667,8.16666666666667,1.21794871794872,3.6025641025641,2.62820512820513,3.33333333333333,0.358974358974359,2.03846153846154,2.3974358974359,2.48717948717949,1.06410256410256,0.179487179487179,1.26923076923077,1.67948717948718,10.1794871794872,78,77
"2","A. Poythress","F",20.25,2,5.25,0,0.875,1.5,1.75,1.5,2.25,3.75,0.25,0.5,1.5,1,2.125,5.5,8,8
"3","B. Long","G",1.6,0,0.2,0,0.2,0,0,0,0,0,0,0.1,0,0,0.2,0,10,1
"4","D. Booker","G",21.5,3.55263157894737,7.55263157894737,1.52631578947368,3.71052631578947,1.39473684210526,1.68421052631579,0.447368421052632,1.55263157894737,2,1.10526315789474,0.447368421052632,0.0526315789473684,0.973684210526316,1.52631578947368,10.0263157894737,38,0
"5","D. Hawkins","G",7.08695652173913,0.434782608695652,1.52173913043478,0.217391304347826,0.91304347826087,0.173913043478261,0.434782608695652,0.130434782608696,0.565217391304348,0.695652173913043,0.608695652173913,0.304347826086957,0.0434782608695652,0.217391304347826,0.608695652173913,1.26086956521739,23,9
"6","D. Johnson","C",16.2820512820513,2.02564102564103,4,0,0,2.30769230769231,3.69230769230769,1.71794871794872,2.87179487179487,4.58974358974359,0.743589743589744,0.358974358974359,0.923076923076923,1.07692307692308,1.76923076923077,6.35897435897436,39,0
"7","D. Willis","F",3.94736842105263,0.368421052631579,0.947368421052632,0.263157894736842,0.789473684210526,0.315789473684211,0.315789473684211,0.263157894736842,0.473684210526316,0.736842105263158,0.263157894736842,0.105263157894737,0.157894736842105,0.421052631578947,0.263157894736842,1.31578947368421,19,0
"8","E.J. Floreal","G",1.53846153846154,0,0.0769230769230769,0,0,0.0769230769230769,0.153846153846154,0,0.0769230769230769,0.0769230769230769,0,0.0769230769230769,0,0.307692307692308,0.153846153846154,0.0769230769230769,13,0
"9","K. Towns","F",21.1282051282051,3.71794871794872,6.56410256410256,0.0512820512820513,0.205128205128205,2.79487179487179,3.43589743589744,2.35897435897436,4.33333333333333,6.69230769230769,1.12820512820513,0.461538461538462,2.25641025641026,1.35897435897436,2.94871794871795,10.2820512820513,39,39
"10","M. Lee","F",10.8974358974359,1.20512820512821,1.87179487179487,0,0,0.205128205128205,0.641025641025641,1.20512820512821,1.53846153846154,2.74358974358974,0.307692307692308,0.0769230769230769,0.692307692307692,0.461538461538462,1.56410256410256,2.61538461538462,39,0
"11","S. Malone","G",1.28571428571429,0,0.142857142857143,0,0,0.142857142857143,0.285714285714286,0.142857142857143,0.285714285714286,0.428571428571429,0,0,0,0.142857142857143,0,0.142857142857143,7,1
"12","T. Lanter","G",1.14285714285714,0.142857142857143,0.142857142857143,0.142857142857143,0.142857142857143,0,0,0,0,0,0,0,0,0,0,0.428571428571429,7,1
"13","T. Lyles","F",23,3.25,6.66666666666667,0.111111111111111,0.805555555555556,2.08333333333333,2.83333333333333,1.80555555555556,3.41666666666667,5.22222222222222,1.05555555555556,0.527777777777778,0.444444444444444,1.13888888888889,1.58333333333333,8.69444444444444,36,21
"14","T. Ulis","G",23.8378378378378,1.81081081081081,4.45945945945946,0.891891891891892,2.08108108108108,1.13513513513514,1.40540540540541,0.432432432432432,1.37837837837838,1.81081081081081,3.64864864864865,1,0.0540540540540541,1.02702702702703,1.51351351351351,5.64864864864865,37,0
"15","W. Cauley-Stein","F",25.9487179487179,3.46153846153846,6.05128205128205,0,0,2.02564102564103,3.28205128205128,2.28205128205128,4.15384615384615,6.43589743589744,0.974358974358974,1.20512820512821,1.71794871794872,1.23076923076923,2,8.94871794871795,39,38
