"","player","position","MIN","FGM","FGA","3PTM","3PTA","FTM","FTA","OREB","DREB","REB","AST","STL","BLK","TO","PF","PTS","starter","game_id"
"1","K. Towns","F",22,3,7,0,1,2,2,3,5,8,2,0,3,2,3,8,TRUE,"400589702"
"2","A. Poythress","F",24,3,7,0,1,3,4,4,2,6,1,0,2,3,1,9,TRUE,"400589702"
"3","W. Cauley-Stein","F",23,6,7,0,0,0,0,2,3,5,1,2,4,0,1,12,TRUE,"400589702"
"4","A. Harrison","G",23,5,8,1,2,5,6,1,2,3,3,1,0,2,1,16,TRUE,"400589702"
"5","A. Harrison","G",23,3,7,0,1,1,2,0,0,0,0,2,0,1,1,7,TRUE,"400589702"
"6","T. Lyles","F",17,6,10,1,4,1,1,1,3,4,0,0,0,1,1,14,FALSE,"400589702"
"7","M. Lee","F",14,2,5,0,0,0,0,2,3,5,0,0,0,1,3,4,FALSE,"400589702"
"8","D. Johnson","C",18,4,9,0,0,2,4,8,5,13,3,0,1,1,2,10,FALSE,"400589702"
"9","T. Ulis","G",16,2,3,1,2,0,0,0,1,1,2,1,0,2,2,5,FALSE,"400589702"
"10","D. Booker","G",17,0,6,0,3,0,0,1,0,1,1,2,0,0,1,0,FALSE,"400589702"
"11","D. Hawkins","G",3,0,1,0,0,0,0,0,1,1,0,0,0,0,0,0,FALSE,"400589702"
"12","K. Towns","F",10,1,6,0,1,1,2,2,3,5,0,0,0,1,5,3,TRUE,"400587392"
"13","A. Poythress","F",20,3,7,0,2,0,0,1,0,1,0,1,0,2,1,6,TRUE,"400587392"
"14","W. Cauley-Stein","F",26,3,6,0,0,0,0,4,6,10,4,2,1,2,2,6,TRUE,"400587392"
"15","A. Harrison","G",18,1,6,0,3,1,2,0,0,0,1,1,1,1,2,3,TRUE,"400587392"
"16","A. Harrison","G",22,2,9,1,5,3,5,1,3,4,0,1,0,1,3,8,TRUE,"400587392"
"17","T. Lyles","F",20,4,5,1,2,3,4,1,3,4,3,1,0,3,3,12,FALSE,"400587392"
"18","M. Lee","F",18,1,5,0,0,0,0,4,1,5,0,0,1,0,2,2,FALSE,"400587392"
"19","D. Johnson","C",26,3,6,0,0,3,6,3,9,12,3,1,4,2,0,9,FALSE,"400587392"
"20","T. Ulis","G",22,4,5,4,5,0,0,1,0,1,6,1,0,0,2,12,FALSE,"400587392"
"21","D. Booker","G",18,3,6,0,2,4,4,0,1,1,0,2,0,2,1,10,FALSE,"400587392"
"22","K. Towns","F",18,4,8,0,0,1,2,1,7,8,3,0,4,0,3,9,TRUE,"400585685"
"23","A. Poythress","F",19,0,5,0,3,4,4,1,2,3,0,1,2,0,2,4,TRUE,"400585685"
"24","W. Cauley-Stein","F",21,3,7,0,0,1,3,4,6,10,1,1,1,0,3,7,TRUE,"400585685"
"25","A. Harrison","G",19,3,5,2,2,2,3,0,2,2,4,0,0,2,3,10,TRUE,"400585685"
"26","A. Harrison","G",21,3,8,2,3,0,0,0,2,2,2,0,0,1,2,8,TRUE,"400585685"
"27","T. Lyles","F",19,1,5,0,2,2,2,1,3,4,0,1,0,0,1,4,FALSE,"400585685"
"28","D. Willis","F",4,1,1,1,1,2,2,0,0,0,0,1,0,1,0,5,FALSE,"400585685"
"29","M. Lee","F",17,2,3,0,0,0,4,3,4,7,1,0,4,0,3,4,FALSE,"400585685"
"30","D. Johnson","C",20,5,6,0,0,1,2,2,1,3,1,0,0,0,3,11,FALSE,"400585685"
"31","T. Ulis","G",17,1,2,0,1,2,2,0,2,2,0,1,0,2,0,4,FALSE,"400585685"
"32","D. Booker","G",17,2,8,1,6,0,0,0,1,1,3,0,0,0,1,5,FALSE,"400585685"
"33","D. Hawkins","G",4,0,0,0,0,0,0,0,1,1,0,0,0,0,0,0,FALSE,"400585685"
"34","E.J. Floreal","G",1,0,0,0,0,1,2,0,0,0,0,0,0,0,0,1,FALSE,"400585685"
"35","T. Lanter","G",1,0,0,0,0,0,0,0,0,0,0,0,0,0,0,0,FALSE,"400585685"
"36","B. Long","G",1,0,0,0,0,0,0,0,0,0,0,0,0,0,0,0,FALSE,"400585685"
"37","S. Malone","G",1,0,0,0,0,0,0,0,1,1,0,0,0,0,0,0,FALSE,"400585685"
"38","K. Towns","F",23,1,4,0,0,2,2,1,3,4,1,1,5,4,2,4,TRUE,"400587045"
"39","W. Cauley-Stein","F",24,6,7,0,0,0,1,0,2,2,1,1,1,2,5,12,TRUE,"400587045"
"40","D. Hawkins","G",16,3,4,1,2,0,0,0,1,1,1,1,0,0,2,7,TRUE,"400587045"
"41","A. Harrison","G",25,2,4,1,2,3,4,1,1,2,5,1,0,1,3,8,TRUE,"400587045"
"42","A. Harrison","G",25,7,15,1,6,4,6,1,1,2,4,2,0,0,1,19,TRUE,"400587045"
"43","T. Lyles","F",13,4,6,0,1,0,0,0,2,2,2,1,1,0,3,8,FALSE,"400587045"
"44","D. Willis","F",4,0,1,0,1,0,0,0,0,0,0,0,0,0,0,0,FALSE,"400587045"
"45","M. Lee","F",13,1,1,0,0,0,0,0,2,2,0,0,0,1,3,2,FALSE,"400587045"
"46","D. Johnson","C",17,4,6,0,0,3,8,2,4,6,1,0,1,0,1,11,FALSE,"400587045"
"47","T. Ulis","G",20,1,3,1,3,0,0,1,3,4,2,2,0,3,1,3,FALSE,"400587045"
"48","D. Booker","G",20,5,8,4,6,1,2,2,2,4,7,0,1,2,0,15,FALSE,"400587045"
"49","K. Towns","F",20,4,6,0,1,0,0,3,7,10,1,0,6,2,1,8,TRUE,"400585905"
"50","W. Cauley-Stein","F",18,1,1,0,0,3,4,3,2,5,1,0,2,0,0,5,TRUE,"400585905"
"51","D. Hawkins","G",15,1,8,0,2,1,2,1,1,2,0,0,0,0,3,3,TRUE,"400585905"
"52","A. Harrison","G",19,1,3,1,2,1,2,1,3,4,3,2,0,2,0,4,TRUE,"400585905"
"53","A. Harrison","G",18,5,14,1,6,3,3,0,2,2,2,2,0,0,0,14,TRUE,"400585905"
"54","T. Lyles","F",17,1,9,0,5,6,6,1,5,6,4,0,1,0,0,8,FALSE,"400585905"
"55","D. Willis","F",12,1,2,0,1,0,0,1,4,5,0,0,0,1,0,2,FALSE,"400585905"
"56","M. Lee","F",18,1,3,0,0,0,0,3,2,5,1,0,1,1,1,2,FALSE,"400585905"
"57","D. Johnson","C",17,5,6,0,0,3,5,3,5,8,0,1,2,0,1,13,FALSE,"400585905"
"58","T. Ulis","G",16,3,3,2,2,0,0,0,2,2,5,2,0,1,2,8,FALSE,"400585905"
"59","D. Booker","G",17,6,8,3,5,3,5,1,0,1,2,3,0,0,0,18,FALSE,"400585905"
"60","E.J. Floreal","G",5,0,1,0,0,0,0,0,0,0,0,0,0,0,0,0,FALSE,"400585905"
"61","T. Lanter","G",0,0,0,0,0,0,0,0,0,0,0,0,0,0,0,0,FALSE,"400585905"
"62","B. Long","G",5,0,2,0,2,0,0,0,0,0,0,1,0,0,0,0,FALSE,"400585905"
"63","S. Malone","G",3,0,1,0,0,1,2,1,1,2,0,0,0,1,0,1,FALSE,"400585905"
"64","K. Towns","F",17,5,5,0,0,3,5,5,6,11,4,1,3,0,0,13,TRUE,"400595205"
"65","A. Poythress","F",20,2,7,0,1,0,0,3,6,9,0,0,4,2,2,4,TRUE,"400595205"
"66","W. Cauley-Stein","F",17,3,5,0,0,2,3,1,3,4,1,0,1,0,2,8,TRUE,"400595205"
"67","A. Harrison","G",19,4,7,0,1,3,3,1,2,3,4,1,0,1,1,11,TRUE,"400595205"
"68","A. Harrison","G",18,4,11,2,7,1,1,0,0,0,2,0,0,2,2,11,TRUE,"400595205"
"69","T. Lyles","F",21,4,6,1,2,1,3,1,8,9,1,0,0,5,3,10,FALSE,"400595205"
"70","D. Willis","F",10,1,1,0,0,2,2,1,0,1,1,0,0,1,1,4,FALSE,"400595205"
"71","M. Lee","F",12,0,0,0,0,0,2,0,1,1,0,0,1,2,3,0,FALSE,"400595205"
"72","D. Johnson","C",21,0,1,0,0,12,14,3,3,6,0,1,2,3,2,12,FALSE,"400595205"
"73","T. Ulis","G",20,0,2,0,1,0,0,0,0,0,5,1,0,1,0,0,FALSE,"400595205"
"74","D. Booker","G",17,7,8,5,6,0,0,0,2,2,1,2,0,1,0,19,FALSE,"400595205"
"75","D. Hawkins","G",5,0,0,0,0,0,0,0,0,0,0,0,0,0,0,0,FALSE,"400595205"
"76","E.J. Floreal","G",2,0,0,0,0,0,0,0,0,0,0,0,0,0,0,0,FALSE,"400595205"
"77","B. Long","G",1,0,0,0,0,0,0,0,0,0,0,0,0,0,0,0,FALSE,"400595205"
"78","K. Towns","F",20,4,7,0,0,3,7,2,4,6,0,0,0,2,4,11,TRUE,"400588349"
"79","A. Poythress","F",22,3,5,0,0,0,0,1,2,3,1,2,1,0,2,6,TRUE,"400588349"
"80","W. Cauley-Stein","F",25,5,9,0,0,1,2,3,3,6,1,2,0,1,0,11,TRUE,"400588349"
"81","A. Harrison","G",20,3,6,0,1,0,0,0,1,1,4,4,1,1,2,6,TRUE,"400588349"
"82","A. Harrison","G",22,2,7,1,4,1,2,0,1,1,4,0,0,0,3,6,TRUE,"400588349"
"83","T. Lyles","F",18,0,3,0,0,0,0,2,3,5,1,1,0,1,1,0,FALSE,"400588349"
"84","M. Lee","F",15,0,2,0,0,1,2,2,1,3,0,0,2,0,3,1,FALSE,"400588349"
"85","D. Johnson","C",18,2,4,0,0,2,4,0,2,2,1,0,0,0,4,6,FALSE,"400588349"
"86","T. Ulis","G",20,3,6,0,0,0,0,3,0,3,1,3,1,0,0,6,FALSE,"400588349"
"87","D. Booker","G",20,2,4,1,2,0,0,0,2,2,0,0,0,2,1,5,FALSE,"400588349"
"88","K. Towns","F",16,2,5,0,0,6,6,1,2,3,0,1,0,0,3,10,TRUE,"400585723"
"89","A. Poythress","F",21,3,6,0,0,2,2,1,1,2,0,0,1,1,5,8,TRUE,"400585723"
"90","W. Cauley-Stein","F",33,6,11,0,0,9,12,3,9,12,0,5,3,0,3,21,TRUE,"400585723"
"91","A. Harrison","G",24,2,8,1,4,0,0,0,1,1,4,0,0,1,2,5,TRUE,"400585723"
"92","A. Harrison","G",28,1,9,0,4,0,0,0,1,1,2,0,0,2,2,2,TRUE,"400585723"
"93","T. Lyles","F",13,2,2,0,0,0,3,3,2,5,0,0,0,1,4,4,FALSE,"400585723"
"94","M. Lee","F",4,0,0,0,0,0,0,0,0,0,0,0,0,0,0,0,FALSE,"400585723"
"95","D. Johnson","C",19,4,5,0,0,3,9,4,2,6,2,1,0,2,4,11,FALSE,"400585723"
"96","T. Ulis","G",20,1,5,0,1,0,0,0,1,1,4,2,0,0,1,2,FALSE,"400585723"
"97","D. Booker","G",22,0,5,0,3,0,0,0,0,0,0,0,0,1,2,0,FALSE,"400585723"
"98","K. Towns","F",23,8,9,1,1,2,2,2,7,9,2,1,4,2,1,19,TRUE,"400596339"
"99","A. Poythress","F",21,0,2,0,0,3,4,0,4,4,0,0,2,0,2,3,TRUE,"400596339"
"100","W. Cauley-Stein","F",26,5,8,0,0,1,2,1,4,5,0,2,2,0,2,11,TRUE,"400596339"
"101","A. Harrison","G",24,2,2,0,0,2,2,0,2,2,6,1,1,5,2,6,TRUE,"400596339"
"102","A. Harrison","G",25,4,10,1,3,0,0,0,6,6,3,1,1,2,0,9,TRUE,"400596339"
"103","T. Lyles","F",22,4,8,0,2,2,2,1,9,10,1,1,0,2,1,10,FALSE,"400596339"
"104","D. Willis","F",2,1,1,1,1,0,0,0,0,0,1,0,0,0,0,3,FALSE,"400596339"
"105","M. Lee","F",13,5,6,0,0,0,0,1,2,3,0,0,1,2,2,10,FALSE,"400596339"
"106","D. Johnson","C",15,3,4,0,0,1,2,2,2,4,1,0,0,1,0,7,FALSE,"400596339"
"107","D. Booker","G",13,1,8,0,6,2,2,0,0,0,1,0,0,3,2,4,FALSE,"400596339"
"108","D. Hawkins","G",16,0,0,0,0,0,1,0,2,2,6,0,0,0,2,0,FALSE,"400596339"
"109","K. Towns","F",19,3,8,0,1,0,0,0,3,3,1,1,3,0,1,6,TRUE,"400591241"
"110","A. Poythress","F",15,2,3,0,0,0,0,1,1,2,0,0,0,0,2,4,TRUE,"400591241"
"111","W. Cauley-Stein","F",28,4,7,0,0,2,3,5,5,10,1,0,1,1,0,10,TRUE,"400591241"
"112","A. Harrison","G",32,1,12,0,5,2,4,1,2,3,3,1,0,0,3,4,TRUE,"400591241"
"113","A. Harrison","G",33,6,15,1,5,1,1,2,1,3,3,3,0,0,1,14,TRUE,"400591241"
"114","T. Lyles","F",30,3,8,0,1,1,2,4,6,10,2,0,2,0,0,7,FALSE,"400591241"
"115","D. Willis","F",9,1,4,1,4,2,2,1,0,1,0,0,0,0,0,5,FALSE,"400591241"
"116","M. Lee","F",15,1,1,0,0,0,0,3,0,3,0,1,0,1,0,2,FALSE,"400591241"
"117","D. Johnson","C",12,1,1,0,0,2,5,1,0,1,0,0,0,1,1,4,FALSE,"400591241"
"118","D. Hawkins","G",7,0,1,0,1,0,0,0,0,0,1,0,0,1,1,0,FALSE,"400591241"
"119","T. Lyles","F",23,4,6,0,1,1,2,2,1,3,1,1,0,1,2,9,TRUE,"400587839"
"120","K. Towns","F",19,0,0,0,0,2,2,1,1,2,0,0,1,0,1,2,TRUE,"400587839"
"121","W. Cauley-Stein","F",28,6,9,0,0,3,6,3,3,6,1,4,2,2,0,15,TRUE,"400587839"
"122","A. Harrison","G",25,1,4,0,1,9,10,1,0,1,5,2,0,3,3,11,TRUE,"400587839"
"123","A. Harrison","G",26,5,9,3,7,1,2,0,1,1,1,1,0,2,2,14,TRUE,"400587839"
"124","M. Lee","F",12,4,4,0,0,0,1,1,1,2,2,0,0,0,1,8,FALSE,"400587839"
"125","D. Johnson","C",21,1,3,0,0,5,6,1,4,5,0,3,2,1,2,7,FALSE,"400587839"
"126","T. Ulis","G",24,1,5,1,3,0,0,1,1,2,8,0,0,3,3,3,FALSE,"400587839"
"127","D. Booker","G",22,5,8,3,3,2,2,0,0,0,1,1,0,2,3,15,FALSE,"400587839"
"128","T. Lyles","F",21,3,6,0,1,3,4,3,1,4,2,1,0,1,1,9,TRUE,"400593228"
"129","K. Towns","F",20,2,5,0,0,0,0,3,7,10,0,0,2,2,3,4,TRUE,"400593228"
"130","W. Cauley-Stein","F",20,4,7,0,0,0,0,0,5,5,0,2,4,1,1,8,TRUE,"400593228"
"131","A. Harrison","G",23,3,8,2,4,0,0,0,3,3,8,0,0,4,0,8,TRUE,"400593228"
"132","A. Harrison","G",23,6,11,3,8,0,0,0,2,2,3,3,0,0,1,15,TRUE,"400593228"
"133","D. Willis","F",11,1,4,1,4,0,0,0,2,2,0,0,3,0,0,3,FALSE,"400593228"
"134","M. Lee","F",17,1,1,0,0,3,6,2,4,6,0,0,0,1,2,5,FALSE,"400593228"
"135","D. Johnson","C",20,2,5,0,0,1,2,0,4,4,6,1,4,1,2,5,FALSE,"400593228"
"136","T. Ulis","G",18,3,5,1,1,0,0,3,4,7,6,0,0,1,1,7,FALSE,"400593228"
"137","D. Booker","G",16,7,10,5,6,0,0,0,1,1,0,0,0,0,2,19,FALSE,"400593228"
"138","D. Hawkins","G",9,0,2,0,2,0,0,0,0,0,0,0,0,0,0,0,FALSE,"400593228"
"139","E.J. Floreal","G",1,0,0,0,0,0,0,0,0,0,0,1,0,1,0,0,FALSE,"400593228"
"140","B. Long","G",1,0,0,0,0,0,0,0,0,0,0,0,0,0,0,0,FALSE,"400593228"
"141","T. Lyles","F",30,3,6,0,0,0,0,3,6,9,4,1,0,2,3,6,TRUE,"400587874"
"142","K. Towns","F",26,3,7,0,0,4,5,5,4,9,0,0,0,4,2,10,TRUE,"400587874"
"143","W. Cauley-Stein","F",23,2,5,0,0,1,2,2,4,6,0,3,0,0,4,5,TRUE,"400587874"
"144","A. Harrison","G",20,1,6,1,1,0,0,1,2,3,4,0,0,6,3,3,TRUE,"400587874"
"145","A. Harrison","G",26,2,10,2,7,1,2,0,3,3,1,2,0,1,3,7,TRUE,"400587874"
"146","M. Lee","F",10,1,1,0,0,0,0,2,1,3,0,0,3,1,0,2,FALSE,"400587874"
"147","D. Johnson","C",11,1,2,0,0,0,0,2,7,9,0,0,0,4,1,2,FALSE,"400587874"
"148","T. Ulis","G",26,5,8,2,4,2,3,0,1,1,2,0,0,0,1,14,FALSE,"400587874"
"149","D. Booker","G",28,3,5,1,2,2,2,1,1,2,0,0,0,0,3,9,FALSE,"400587874"
"150","T. Lyles","F",28,3,8,0,0,4,6,2,2,4,2,1,2,2,2,10,TRUE,"400597317"
"151","K. Towns","F",24,3,6,1,1,4,7,3,1,4,0,0,0,0,2,11,TRUE,"400597317"
"152","W. Cauley-Stein","F",39,3,8,0,0,1,4,4,8,12,0,3,4,5,2,7,TRUE,"400597317"
"153","A. Harrison","G",32,2,7,2,3,6,8,0,1,1,5,2,0,1,4,12,TRUE,"400597317"
"154","A. Harrison","G",40,6,14,5,9,9,10,0,4,4,2,0,0,0,0,26,TRUE,"400597317"
"155","M. Lee","F",1,0,0,0,0,0,0,0,0,0,0,0,0,0,0,0,FALSE,"400597317"
"156","D. Johnson","C",17,3,5,0,0,2,3,3,0,3,0,0,1,2,1,8,FALSE,"400597317"
"157","T. Ulis","G",23,1,5,0,4,0,0,0,1,1,7,0,0,0,3,2,FALSE,"400597317"
"158","D. Booker","G",21,4,7,3,3,2,2,1,0,1,0,0,0,0,4,13,FALSE,"400597317"
"159","T. Lyles","F",35,2,4,1,2,2,4,3,3,6,2,0,3,1,2,7,TRUE,"400597322"
"160","K. Towns","F",27,2,5,0,0,5,6,4,5,9,1,0,3,5,5,9,TRUE,"400597322"
"161","W. Cauley-Stein","F",26,1,4,0,0,2,2,4,2,6,0,0,3,2,5,4,TRUE,"400597322"
"162","A. Harrison","G",33,2,10,1,4,4,8,0,1,1,5,1,0,1,1,9,TRUE,"400597322"
"163","A. Harrison","G",37,4,20,2,13,2,2,0,7,7,1,3,0,2,5,12,TRUE,"400597322"
"164","M. Lee","F",12,0,0,0,0,0,0,1,1,2,0,0,0,0,2,0,FALSE,"400597322"
"165","D. Johnson","C",17,1,5,0,0,6,8,1,8,9,0,0,1,1,1,8,FALSE,"400597322"
"166","T. Ulis","G",28,1,5,1,2,0,0,0,1,1,3,1,0,0,2,3,FALSE,"400597322"
"167","D. Booker","G",35,5,11,4,7,4,5,0,3,3,1,1,0,0,3,18,FALSE,"400597322"
"168","K. Towns","F",21,3,5,0,1,6,7,3,7,10,1,1,5,1,3,12,TRUE,"400597329"
"169","W. Cauley-Stein","F",23,4,7,0,0,5,6,1,4,5,1,0,2,1,0,13,TRUE,"400597329"
"170","D. Hawkins","G",20,2,5,0,3,2,2,1,0,1,3,2,1,1,1,6,TRUE,"400597329"
"171","A. Harrison","G",20,1,5,0,2,6,7,1,2,3,3,0,0,1,2,8,TRUE,"400597329"
"172","A. Harrison","G",20,5,8,5,7,1,2,1,1,2,1,0,0,0,0,16,TRUE,"400597329"
"173","T. Lyles","F",18,3,8,0,1,0,0,2,3,5,0,1,0,0,0,6,FALSE,"400597329"
"174","D. Willis","F",2,1,1,1,1,0,0,0,1,1,0,0,0,0,0,3,FALSE,"400597329"
"175","M. Lee","F",15,1,3,0,0,0,0,4,2,6,0,0,0,0,0,2,FALSE,"400597329"
"176","D. Johnson","C",19,3,7,0,0,2,4,3,4,7,0,0,0,2,1,8,FALSE,"400597329"
"177","T. Ulis","G",18,2,5,1,2,0,0,0,2,2,3,1,0,1,0,5,FALSE,"400597329"
"178","D. Booker","G",18,2,2,1,1,2,2,0,1,1,1,0,0,0,2,7,FALSE,"400597329"
"179","E.J. Floreal","G",2,0,0,0,0,0,0,0,0,0,0,0,0,1,1,0,FALSE,"400597329"
"180","T. Lanter","G",2,0,0,0,0,0,0,0,0,0,0,0,0,0,0,0,FALSE,"400597329"
"181","B. Long","G",2,0,0,0,0,0,0,0,0,0,0,0,0,0,0,0,FALSE,"400597329"
"182","T. Lyles","F",26,3,5,0,0,2,2,1,4,5,0,0,0,0,1,8,TRUE,"400597336"
"183","K. Towns","F",14,2,6,0,0,2,2,2,1,3,2,0,0,0,4,6,TRUE,"400597336"
"184","W. Cauley-Stein","F",26,3,4,0,0,3,4,1,4,5,0,0,2,1,0,9,TRUE,"400597336"
"185","A. Harrison","G",25,1,4,1,3,2,2,0,2,2,3,3,0,2,0,5,TRUE,"400597336"
"186","A. Harrison","G",23,2,4,1,3,0,0,1,2,3,1,0,0,2,1,5,TRUE,"400597336"
"187","D. Willis","F",5,0,2,0,1,0,0,1,0,1,0,1,0,2,2,0,FALSE,"400597336"
"188","M. Lee","F",12,1,2,0,0,0,0,1,1,2,1,0,1,0,2,2,FALSE,"400597336"
"189","D. Johnson","C",23,4,7,0,0,3,4,2,3,5,2,0,0,0,0,11,FALSE,"400597336"
"190","T. Ulis","G",21,3,5,3,4,2,2,0,0,0,2,1,0,1,2,11,FALSE,"400597336"
"191","D. Booker","G",21,4,7,3,6,2,2,0,2,2,3,0,0,1,0,13,FALSE,"400597336"
"192","E.J. Floreal","G",1,0,0,0,0,0,0,0,0,0,0,0,0,0,1,0,FALSE,"400597336"
"193","T. Lanter","G",1,0,0,0,0,0,0,0,0,0,0,0,0,0,0,0,FALSE,"400597336"
"194","B. Long","G",1,0,0,0,0,0,0,0,0,0,0,0,0,0,0,0,FALSE,"400597336"
"195","S. Malone","G",1,0,0,0,0,0,0,0,0,0,0,0,0,0,0,0,FALSE,"400597336"
"196","K. Towns","F",18,1,4,0,0,2,2,2,2,4,0,1,7,1,4,4,TRUE,"400597343"
"197","W. Cauley-Stein","F",27,2,5,0,0,2,2,1,9,10,1,3,1,1,2,6,TRUE,"400597343"
"198","D. Hawkins","G",7,1,1,1,1,0,0,0,0,0,0,0,0,1,0,3,TRUE,"400597343"
"199","A. Harrison","G",25,1,3,0,0,3,5,0,1,1,4,0,0,3,2,5,TRUE,"400597343"
"200","A. Harrison","G",23,4,7,2,3,4,4,1,1,2,1,2,0,1,0,14,TRUE,"400597343"
"201","T. Lyles","F",20,2,5,0,0,1,4,0,3,3,1,0,0,2,3,5,FALSE,"400597343"
"202","M. Lee","F",12,3,4,0,0,1,2,3,3,6,0,1,2,1,1,7,FALSE,"400597343"
"203","D. Johnson","C",20,3,9,0,0,4,6,3,1,4,1,1,1,1,0,10,FALSE,"400597343"
"204","T. Ulis","G",23,1,3,1,1,2,3,0,0,0,1,0,0,1,1,5,FALSE,"400597343"
"205","D. Booker","G",25,2,5,0,1,2,4,0,2,2,4,0,0,1,1,6,FALSE,"400597343"
"206","T. Lyles","F",22,2,3,0,0,3,4,1,1,2,1,1,0,3,1,7,TRUE,"400597347"
"207","K. Towns","F",12,2,3,0,0,0,2,0,1,1,0,0,2,0,2,4,TRUE,"400597347"
"208","W. Cauley-Stein","F",20,1,1,0,0,0,0,0,4,4,1,2,1,0,3,2,TRUE,"400597347"
"209","A. Harrison","G",27,1,5,0,0,2,3,0,1,1,2,0,0,2,1,4,TRUE,"400597347"
"210","A. Harrison","G",34,4,11,1,4,4,6,0,4,4,0,3,1,0,3,13,TRUE,"400597347"
"211","M. Lee","F",13,0,0,0,0,1,2,0,2,2,0,0,4,1,3,1,FALSE,"400597347"
"212","D. Johnson","C",26,1,3,0,0,1,2,1,5,6,0,1,1,1,1,3,FALSE,"400597347"
"213","T. Ulis","G",20,1,4,0,1,4,4,0,3,3,6,1,0,1,1,6,FALSE,"400597347"
"214","D. Booker","G",26,6,9,2,4,4,4,0,1,1,0,0,0,0,2,18,FALSE,"400597347"
"215","K. Towns","F",19,3,8,0,0,1,2,1,1,2,0,1,1,1,5,7,TRUE,"400597360"
"216","W. Cauley-Stein","F",23,1,1,0,0,0,4,1,2,3,0,0,0,2,0,2,TRUE,"400597360"
"217","D. Hawkins","G",10,1,1,1,1,1,2,0,3,3,0,0,0,1,2,4,TRUE,"400597360"
"218","A. Harrison","G",25,3,4,0,1,9,11,0,3,3,3,3,0,2,2,15,TRUE,"400597360"
"219","A. Harrison","G",25,3,7,1,3,4,4,0,3,3,2,3,0,0,2,11,TRUE,"400597360"
"220","T. Lyles","F",21,1,5,0,0,3,4,3,2,5,1,0,0,0,2,5,FALSE,"400597360"
"221","D. Willis","F",2,0,0,0,0,0,0,1,0,1,0,0,0,1,0,0,FALSE,"400597360"
"222","M. Lee","F",12,1,1,0,0,0,0,0,0,0,0,0,0,0,5,2,FALSE,"400597360"
"223","D. Johnson","C",21,2,6,0,0,4,5,3,4,7,0,0,0,1,1,8,FALSE,"400597360"
"224","T. Ulis","G",20,2,4,0,1,2,2,0,2,2,2,0,0,2,1,6,FALSE,"400597360"
"225","D. Booker","G",22,3,7,0,1,3,3,0,1,1,0,0,0,4,3,9,FALSE,"400597360"
"226","K. Towns","F",15,4,4,0,0,4,4,0,1,1,1,1,0,0,5,12,TRUE,"400597367"
"227","W. Cauley-Stein","F",28,4,4,0,0,4,6,1,3,4,1,0,0,1,4,12,TRUE,"400597367"
"228","D. Hawkins","G",9,0,1,0,1,0,0,0,1,1,1,0,0,0,1,0,TRUE,"400597367"
"229","A. Harrison","G",28,1,3,1,2,2,2,0,2,2,2,1,0,2,2,5,TRUE,"400597367"
"230","A. Harrison","G",32,4,11,2,6,0,1,0,2,2,2,2,0,0,1,10,TRUE,"400597367"
"231","M. Lee","F",17,4,5,0,0,0,0,3,2,5,0,0,0,0,2,8,FALSE,"400597367"
"232","D. Johnson","C",20,1,3,0,0,4,8,0,1,1,2,1,1,1,4,6,FALSE,"400597367"
"233","T. Ulis","G",28,2,4,1,2,1,2,0,1,1,4,0,0,1,2,6,FALSE,"400597367"
"234","D. Booker","G",23,4,6,3,4,0,0,0,2,2,1,0,0,0,1,11,FALSE,"400597367"
"235","K. Towns","F",31,6,11,0,0,3,3,1,12,13,3,0,2,1,3,15,TRUE,"400597368"
"236","W. Cauley-Stein","F",31,3,6,0,0,0,0,3,2,5,1,1,1,2,4,6,TRUE,"400597368"
"237","D. Hawkins","G",9,1,3,1,2,0,1,0,0,0,0,1,0,1,0,3,TRUE,"400597368"
"238","A. Harrison","G",31,8,16,3,6,4,4,0,0,0,7,1,0,1,1,23,TRUE,"400597368"
"239","A. Harrison","G",28,0,4,0,4,1,2,0,2,2,1,0,0,1,1,1,TRUE,"400597368"
"240","M. Lee","F",7,0,0,0,0,1,2,0,1,1,0,0,0,0,4,1,FALSE,"400597368"
"241","D. Johnson","C",11,1,1,0,0,1,2,1,0,1,0,0,0,1,2,3,FALSE,"400597368"
"242","T. Ulis","G",28,2,4,2,4,2,2,0,0,0,3,2,0,0,1,8,FALSE,"400597368"
"243","D. Booker","G",24,4,10,1,6,0,1,0,0,0,1,0,0,0,0,9,FALSE,"400597368"
"244","K. Towns","F",31,6,10,0,1,7,7,4,4,8,3,0,2,2,3,19,TRUE,"400597381"
"245","W. Cauley-Stein","F",31,4,8,0,0,5,5,1,4,5,2,0,0,3,2,13,TRUE,"400597381"
"246","D. Hawkins","G",12,0,2,0,2,0,0,0,2,2,0,2,0,0,1,0,TRUE,"400597381"
"247","A. Harrison","G",24,0,0,0,0,1,2,1,3,4,2,1,0,3,4,1,TRUE,"400597381"
"248","A. Harrison","G",26,6,12,3,6,8,8,1,0,1,0,1,0,1,2,23,TRUE,"400597381"
"249","M. Lee","F",9,0,0,0,0,0,0,0,0,0,0,0,0,0,1,0,FALSE,"400597381"
"250","D. Johnson","C",9,0,1,0,0,0,0,0,2,2,0,0,0,2,0,0,FALSE,"400597381"
"251","T. Ulis","G",33,0,3,0,3,0,0,0,2,2,5,0,0,2,1,0,FALSE,"400597381"
"252","D. Booker","G",25,6,11,0,2,0,0,1,3,4,0,0,0,2,1,12,FALSE,"400597381"
"253","K. Towns","F",26,6,13,0,0,0,0,7,6,13,2,2,4,2,3,12,TRUE,"400597382"
"254","W. Cauley-Stein","F",29,7,9,0,0,1,4,3,4,7,1,1,3,2,2,15,TRUE,"400597382"
"255","D. Hawkins","G",3,0,1,0,0,0,0,1,0,1,0,0,0,0,0,0,TRUE,"400597382"
"256","A. Harrison","G",28,4,8,1,3,4,4,1,2,3,4,0,0,0,1,13,TRUE,"400597382"
"257","A. Harrison","G",26,1,8,0,3,0,0,1,0,1,1,0,0,1,1,2,TRUE,"400597382"
"258","T. Lyles","F",18,2,3,0,0,0,0,0,3,3,0,0,0,1,1,4,FALSE,"400597382"
"259","M. Lee","F",6,1,1,0,0,0,0,0,1,1,0,0,0,0,2,2,FALSE,"400597382"
"260","D. Johnson","C",12,3,5,0,0,1,1,1,3,4,1,0,2,0,3,7,FALSE,"400597382"
"261","T. Ulis","G",26,1,6,0,2,0,0,0,1,1,3,1,0,1,1,2,FALSE,"400597382"
"262","D. Booker","G",26,6,14,1,4,1,2,2,1,3,2,1,0,1,2,14,FALSE,"400597382"
"263","T. Lyles","F",21,3,5,0,2,2,2,3,1,4,0,0,0,0,2,8,TRUE,"400597390"
"264","K. Towns","F",17,3,3,0,0,3,4,1,3,4,0,0,1,2,3,9,TRUE,"400597390"
"265","W. Cauley-Stein","F",22,6,10,0,0,2,4,3,4,7,0,2,0,0,2,14,TRUE,"400597390"
"266","A. Harrison","G",25,2,8,1,3,4,4,0,4,4,6,0,1,3,2,9,TRUE,"400597390"
"267","A. Harrison","G",23,4,8,1,4,2,2,0,0,0,2,0,0,0,0,11,TRUE,"400597390"
"268","D. Willis","F",4,0,0,0,0,0,0,0,0,0,1,0,0,1,1,0,FALSE,"400597390"
"269","M. Lee","F",19,2,4,0,0,0,0,1,3,4,3,0,2,0,2,4,FALSE,"400597390"
"270","D. Johnson","C",21,3,7,0,0,4,4,4,9,13,1,0,2,4,1,10,FALSE,"400597390"
"271","T. Ulis","G",22,0,3,0,2,0,0,1,2,3,3,0,0,1,1,0,FALSE,"400597390"
"272","D. Booker","G",20,3,5,2,2,1,2,1,3,4,1,0,0,2,0,9,FALSE,"400597390"
"273","D. Hawkins","G",4,1,1,1,1,0,2,0,0,0,0,0,0,0,1,3,FALSE,"400597390"
"274","E.J. Floreal","G",2,0,0,0,0,0,0,0,0,0,0,0,0,0,0,0,FALSE,"400597390"
"275","T. Lyles","F",18,4,7,0,1,2,4,4,1,5,0,0,0,0,2,10,TRUE,"400597396"
"276","K. Towns","F",16,1,1,0,0,1,1,2,2,4,0,0,2,1,3,3,TRUE,"400597396"
"277","W. Cauley-Stein","F",25,3,4,0,0,3,4,2,5,7,1,1,1,4,2,9,TRUE,"400597396"
"278","A. Harrison","G",31,4,10,2,5,4,4,1,2,3,2,2,0,1,4,14,TRUE,"400597396"
"279","A. Harrison","G",22,1,7,0,5,0,0,0,0,0,0,1,1,1,0,2,TRUE,"400597396"
"280","M. Lee","F",11,1,1,0,0,0,0,1,1,2,0,0,1,1,0,2,FALSE,"400597396"
"281","D. Johnson","C",17,0,1,0,0,0,0,1,2,3,1,0,0,0,1,0,FALSE,"400597396"
"282","T. Ulis","G",30,3,6,1,2,1,2,1,0,1,6,1,0,0,3,8,FALSE,"400597396"
"283","D. Booker","G",30,5,16,2,9,6,6,4,3,7,1,1,0,2,0,18,FALSE,"400597396"
"284","T. Lyles","F",24,4,6,0,1,1,1,0,4,4,2,0,0,2,2,9,TRUE,"400597407"
"285","K. Towns","F",21,8,9,0,0,3,3,3,7,10,2,0,4,1,3,19,TRUE,"400597407"
"286","W. Cauley-Stein","F",20,4,4,0,0,1,3,0,4,4,3,2,1,1,1,9,TRUE,"400597407"
"287","A. Harrison","G",27,3,8,1,2,5,8,1,1,2,9,0,0,1,1,12,TRUE,"400597407"
"288","A. Harrison","G",27,7,12,2,7,2,2,1,3,4,1,2,0,2,2,18,TRUE,"400597407"
"289","D. Willis","F",2,0,0,0,0,0,0,0,0,0,0,0,0,0,0,0,FALSE,"400597407"
"290","M. Lee","F",17,3,3,0,0,0,0,3,5,8,1,1,1,1,1,6,FALSE,"400597407"
"291","D. Johnson","C",16,6,7,0,0,1,2,3,3,6,0,0,0,0,4,13,FALSE,"400597407"
"292","T. Ulis","G",16,4,7,1,2,1,2,0,0,0,2,0,0,2,4,10,FALSE,"400597407"
"293","D. Booker","G",21,4,10,1,3,2,2,1,3,4,3,2,0,4,1,11,FALSE,"400597407"
"294","D. Hawkins","G",2,0,1,0,1,0,0,0,1,1,2,0,0,0,0,0,FALSE,"400597407"
"295","E.J. Floreal","G",2,0,0,0,0,0,0,0,1,1,0,0,0,1,0,0,FALSE,"400597407"
"296","T. Lanter","G",2,1,1,1,1,0,0,0,0,0,0,0,0,0,0,3,FALSE,"400597407"
"297","B. Long","G",2,0,0,0,0,0,0,0,0,0,0,0,0,0,0,0,FALSE,"400597407"
"298","S. Malone","G",1,0,0,0,0,0,0,0,0,0,0,0,0,0,0,0,FALSE,"400597407"
"299","T. Lyles","F",21,7,12,0,0,4,4,2,4,6,2,1,0,0,1,18,TRUE,"400597414"
"300","K. Towns","F",26,4,5,0,0,4,4,1,9,10,2,0,2,2,2,12,TRUE,"400597414"
"301","W. Cauley-Stein","F",24,2,4,0,0,0,0,4,4,8,0,0,2,2,3,4,TRUE,"400597414"
"302","A. Harrison","G",29,2,8,1,2,0,1,0,2,2,3,0,1,0,0,5,TRUE,"400597414"
"303","A. Harrison","G",28,6,10,2,6,2,2,0,2,2,1,0,0,2,1,16,TRUE,"400597414"
"304","D. Willis","F",2,0,0,0,0,0,0,0,0,0,0,0,0,0,0,0,FALSE,"400597414"
"305","M. Lee","F",9,0,0,0,0,0,0,0,3,3,2,0,2,0,3,0,FALSE,"400597414"
"306","D. Johnson","C",12,0,2,0,0,2,2,0,2,2,0,0,1,0,4,2,FALSE,"400597414"
"307","T. Ulis","G",27,1,5,1,1,0,0,0,1,1,4,1,1,3,2,3,FALSE,"400597414"
"308","D. Booker","G",20,6,10,2,3,0,0,0,0,0,1,0,0,0,2,14,FALSE,"400597414"
"309","D. Hawkins","G",2,0,1,0,1,0,0,0,0,0,0,0,0,0,0,0,FALSE,"400597414"
"310","T. Lyles","F",31,8,10,0,0,2,2,2,2,4,1,0,1,1,3,18,TRUE,"400597420"
"311","K. Towns","F",18,4,5,0,0,0,0,2,3,5,1,0,1,0,4,8,TRUE,"400597420"
"312","W. Cauley-Stein","F",32,3,6,0,0,1,4,4,5,9,2,2,4,2,4,7,TRUE,"400597420"
"313","A. Harrison","G",27,4,10,2,4,8,8,0,3,3,3,1,0,2,1,18,TRUE,"400597420"
"314","A. Harrison","G",28,2,11,1,6,4,6,2,5,7,0,5,0,2,2,9,TRUE,"400597420"
"315","D. Willis","F",1,0,0,0,0,0,0,0,0,0,0,0,0,0,0,0,FALSE,"400597420"
"316","M. Lee","F",3,0,0,0,0,0,0,0,0,0,0,0,0,1,0,0,FALSE,"400597420"
"317","D. Johnson","C",14,0,2,0,0,0,0,1,2,3,1,0,0,1,3,0,FALSE,"400597420"
"318","T. Ulis","G",22,4,6,2,3,4,6,1,0,1,3,0,0,0,2,14,FALSE,"400597420"
"319","D. Booker","G",22,4,10,0,4,2,2,0,2,2,2,0,0,0,0,10,FALSE,"400597420"
"320","D. Hawkins","G",1,0,0,0,0,0,0,0,0,0,0,0,0,0,0,0,FALSE,"400597420"
"321","E.J. Floreal","G",1,0,0,0,0,0,0,0,0,0,0,0,0,0,0,0,FALSE,"400597420"
"322","T. Lyles","F",22,1,5,0,0,0,0,0,4,4,0,1,0,0,2,2,TRUE,"400597425"
"323","K. Towns","F",27,8,12,0,0,3,5,2,5,7,1,1,1,1,5,19,TRUE,"400597425"
"324","W. Cauley-Stein","F",24,2,7,0,0,0,0,2,2,4,1,1,2,1,2,4,TRUE,"400597425"
"325","A. Harrison","G",31,4,10,2,5,2,3,0,4,4,1,1,0,1,1,12,TRUE,"400597425"
"326","A. Harrison","G",21,5,9,1,3,5,7,1,2,3,0,1,0,0,3,16,TRUE,"400597425"
"327","M. Lee","F",9,2,4,0,0,0,0,2,1,3,0,0,1,0,1,4,FALSE,"400597425"
"328","D. Johnson","C",12,1,3,0,0,4,4,2,1,3,0,0,0,0,1,6,FALSE,"400597425"
"329","T. Ulis","G",31,0,4,0,3,0,0,1,4,5,4,0,0,0,2,0,FALSE,"400597425"
"330","D. Booker","G",23,2,9,1,4,4,6,0,2,2,1,0,0,0,1,9,FALSE,"400597425"
"331","K. Towns","F",27,4,10,0,0,5,6,4,5,9,3,1,6,1,2,13,TRUE,"400597432"
"332","A. Harrison","G",27,3,7,0,1,2,2,0,2,2,0,1,0,2,1,8,TRUE,"400597432"
"333","T. Lanter","G",1,0,0,0,0,0,0,0,0,0,0,0,0,0,0,0,TRUE,"400597432"
"334","B. Long","G",1,0,0,0,0,0,0,0,0,0,0,0,0,0,2,0,TRUE,"400597432"
"335","S. Malone","G",1,0,0,0,0,0,0,0,0,0,0,0,0,0,0,0,TRUE,"400597432"
"336","T. Lyles","F",24,7,12,0,0,0,0,2,4,6,0,1,0,1,1,14,FALSE,"400597432"
"337","M. Lee","F",2,0,0,0,0,1,2,0,0,0,0,0,0,0,0,1,FALSE,"400597432"
"338","W. Cauley-Stein","F",24,3,6,0,0,2,5,3,4,7,2,2,0,1,0,8,FALSE,"400597432"
"339","D. Johnson","C",13,1,4,0,0,2,2,0,2,2,1,0,2,1,1,4,FALSE,"400597432"
"340","T. Ulis","G",28,1,2,0,0,2,2,0,1,1,2,1,0,1,1,4,FALSE,"400597432"
"341","D. Booker","G",25,2,4,2,3,0,0,0,1,1,0,0,0,0,0,6,FALSE,"400597432"
"342","A. Harrison","G",27,4,8,0,2,1,2,0,2,2,1,2,0,1,1,9,FALSE,"400597432"
"343","T. Lyles","F",25,1,8,0,0,5,6,3,3,6,0,0,0,1,1,7,TRUE,"400784919"
"344","K. Towns","F",27,5,10,0,0,3,3,6,6,12,0,0,1,0,0,13,TRUE,"400784919"
"345","W. Cauley-Stein","F",21,2,9,0,0,5,6,3,1,4,1,0,2,0,3,9,TRUE,"400784919"
"346","A. Harrison","G",32,4,9,1,3,0,0,0,3,3,2,2,0,0,1,9,TRUE,"400784919"
"347","A. Harrison","G",28,4,8,1,3,4,4,1,2,3,0,0,1,1,1,13,TRUE,"400784919"
"348","M. Lee","F",2,0,0,0,0,0,0,0,0,0,0,0,0,0,0,0,FALSE,"400784919"
"349","D. Johnson","C",11,1,2,0,0,0,2,0,3,3,0,0,2,2,2,2,FALSE,"400784919"
"350","T. Ulis","G",32,2,4,1,2,2,2,0,2,2,4,3,0,1,0,7,FALSE,"400784919"
"351","D. Booker","G",22,2,6,0,2,0,0,1,2,3,0,0,0,1,3,4,FALSE,"400784919"
"352","T. Lyles","F",25,4,7,0,0,4,4,0,4,4,0,0,1,1,2,12,TRUE,"400785062"
"353","K. Towns","F",18,0,1,0,0,8,8,1,5,6,1,1,3,2,5,8,TRUE,"400785062"
"354","W. Cauley-Stein","F",31,7,9,0,0,4,6,2,5,7,2,0,3,1,1,18,TRUE,"400785062"
"355","A. Harrison","G",25,4,11,2,5,5,6,0,1,1,4,0,0,2,3,15,TRUE,"400785062"
"356","A. Harrison","G",18,4,7,2,3,2,2,0,1,1,0,0,0,0,3,12,TRUE,"400785062"
"357","D. Willis","F",2,0,0,0,0,0,0,0,1,1,2,0,0,0,0,0,FALSE,"400785062"
"358","M. Lee","F",13,2,3,0,0,0,0,1,2,3,0,0,0,1,3,4,FALSE,"400785062"
"359","D. Johnson","C",14,2,2,0,0,0,0,2,0,2,0,1,0,0,2,4,FALSE,"400785062"
"360","T. Ulis","G",24,1,3,1,2,3,5,1,4,5,6,2,0,2,3,6,FALSE,"400785062"
"361","D. Booker","G",25,3,5,2,4,4,4,0,6,6,2,0,0,1,4,12,FALSE,"400785062"
"362","D. Hawkins","G",4,0,0,0,0,0,0,0,0,0,0,0,0,0,0,0,FALSE,"400785062"
"363","E.J. Floreal","G",1,0,0,0,0,0,0,0,0,0,0,0,0,0,0,0,FALSE,"400785062"
"364","T. Lyles","F",29,2,4,0,0,5,5,3,4,7,0,1,0,2,1,9,TRUE,"400785256"
"365","K. Towns","F",19,3,5,0,0,2,2,3,1,4,2,1,2,3,4,8,TRUE,"400785256"
"366","W. Cauley-Stein","F",30,5,6,0,0,5,6,3,7,10,0,0,2,3,2,15,TRUE,"400785256"
"367","A. Harrison","G",18,5,9,3,3,2,4,0,0,0,2,0,0,0,3,15,TRUE,"400785256"
"368","A. Harrison","G",31,4,10,3,5,0,0,0,2,2,6,0,2,1,3,11,TRUE,"400785256"
"369","D. Willis","F",0,0,0,0,0,0,0,0,0,0,0,0,0,0,0,0,FALSE,"400785256"
"370","M. Lee","F",7,2,3,0,0,0,0,1,2,3,0,0,0,0,1,4,FALSE,"400785256"
"371","D. Johnson","C",15,1,3,0,0,3,6,1,0,1,0,1,0,0,1,5,FALSE,"400785256"
"372","T. Ulis","G",34,2,5,0,1,4,4,0,1,1,6,1,0,1,1,8,FALSE,"400785256"
"373","D. Booker","G",17,1,4,1,3,0,0,0,0,0,0,0,0,2,1,3,FALSE,"400785256"
"374","D. Hawkins","G",0,0,0,0,0,0,0,0,0,0,0,0,0,0,0,0,FALSE,"400785256"
"375","E.J. Floreal","G",0,0,0,0,0,0,0,0,0,0,0,0,0,0,0,0,FALSE,"400785256"
"376","T. Lyles","F",25,5,10,0,1,0,1,1,5,6,2,1,0,0,1,10,TRUE,"400785343"
"377","K. Towns","F",25,8,12,0,0,5,6,3,8,11,0,0,3,0,2,21,TRUE,"400785343"
"378","W. Cauley-Stein","F",20,1,5,0,0,5,8,6,5,11,2,0,2,2,3,7,TRUE,"400785343"
"379","A. Harrison","G",27,4,7,2,3,4,4,0,4,4,3,1,0,0,2,14,TRUE,"400785343"
"380","A. Harrison","G",23,0,5,0,2,3,5,0,7,7,3,0,0,2,1,3,TRUE,"400785343"
"381","D. Willis","F",2,0,0,0,0,0,0,0,1,1,0,0,0,1,1,0,FALSE,"400785343"
"382","M. Lee","F",18,2,3,0,0,0,0,0,2,2,1,0,0,1,2,4,FALSE,"400785343"
"383","D. Johnson","C",12,3,6,0,0,1,2,1,1,2,0,0,0,2,2,7,FALSE,"400785343"
"384","T. Ulis","G",28,4,7,1,2,2,2,0,4,4,3,3,0,4,1,11,FALSE,"400785343"
"385","D. Booker","G",14,1,6,0,2,0,0,0,1,1,1,2,0,0,3,2,FALSE,"400785343"
"386","D. Hawkins","G",2,0,0,0,0,0,0,0,0,0,0,0,0,0,0,0,FALSE,"400785343"
"387","E.J. Floreal","G",1,0,0,0,0,0,0,0,0,0,0,0,0,1,0,0,FALSE,"400785343"
"388","T. Lanter","G",1,0,0,0,0,0,0,0,0,0,0,0,0,0,0,0,FALSE,"400785343"
"389","B. Long","G",1,0,0,0,0,0,0,0,0,0,0,0,0,0,0,0,FALSE,"400785343"
"390","S. Malone","G",1,0,0,0,0,0,0,0,0,0,0,0,0,0,0,0,FALSE,"400785343"
"391","T. Lyles","F",28,3,9,0,0,5,8,5,6,11,1,1,2,1,0,11,TRUE,"400786203"
"392","K. Towns","F",23,2,4,0,0,4,4,1,6,7,0,0,3,2,4,8,TRUE,"400786203"
"393","W. Cauley-Stein","F",28,3,6,0,0,3,3,1,1,2,1,1,2,0,3,9,TRUE,"400786203"
"394","A. Harrison","G",26,2,7,0,1,1,3,0,2,2,2,0,1,0,1,5,TRUE,"400786203"
"395","A. Harrison","G",29,5,11,3,7,0,0,0,2,2,0,1,0,1,1,13,TRUE,"400786203"
"396","D. Willis","F",0,0,0,0,0,0,0,0,0,0,0,0,0,0,0,0,FALSE,"400786203"
"397","M. Lee","F",2,0,0,0,0,0,2,1,0,1,0,0,0,0,0,0,FALSE,"400786203"
"398","D. Johnson","C",8,0,1,0,0,3,4,0,3,3,1,1,1,2,2,3,FALSE,"400786203"
"399","T. Ulis","G",34,2,7,1,2,4,4,1,2,3,5,3,0,0,1,9,FALSE,"400786203"
"400","D. Booker","G",22,3,9,0,5,0,0,0,4,4,0,0,0,1,3,6,FALSE,"400786203"
"401","T. Lyles","F",29,4,7,0,0,6,7,2,5,7,2,1,1,0,0,14,TRUE,"400786514"
"402","K. Towns","F",13,0,3,0,0,1,2,1,1,2,0,0,0,1,4,1,TRUE,"400786514"
"403","W. Cauley-Stein","F",30,3,5,0,0,2,4,3,7,10,2,1,3,1,2,8,TRUE,"400786514"
"404","A. Harrison","G",20,2,6,0,3,9,10,0,3,3,2,4,1,2,1,13,TRUE,"400786514"
"405","A. Harrison","G",22,4,6,2,3,2,2,0,2,2,2,0,0,2,1,12,TRUE,"400786514"
"406","D. Willis","F",1,0,1,0,1,0,0,0,0,0,0,0,0,0,0,0,FALSE,"400786514"
"407","M. Lee","F",12,2,3,0,0,0,0,1,4,5,0,0,0,1,2,4,FALSE,"400786514"
"408","D. Johnson","C",24,4,5,0,0,4,4,3,3,6,0,0,2,1,5,12,FALSE,"400786514"
"409","T. Ulis","G",26,0,4,0,2,2,3,1,1,2,4,0,0,0,4,2,FALSE,"400786514"
"410","D. Booker","G",17,5,8,2,5,0,0,0,4,4,1,0,0,2,2,12,FALSE,"400786514"
"411","D. Hawkins","G",3,0,2,0,1,0,0,0,0,0,0,1,0,0,0,0,FALSE,"400786514"
"412","E.J. Floreal","G",1,0,0,0,0,0,0,0,0,0,0,0,0,0,0,0,FALSE,"400786514"
"413","B. Long","G",1,0,0,0,0,0,0,0,0,0,0,0,0,0,0,0,FALSE,"400786514"
"414","S. Malone","G",1,0,0,0,0,0,0,0,0,0,0,0,0,0,0,0,FALSE,"400786514"
"415","T. Lyles","F",25,4,10,0,0,1,2,3,2,5,0,1,2,5,2,9,TRUE,"400787576"
"416","K. Towns","F",25,10,13,0,0,5,6,1,4,5,4,2,1,3,4,25,TRUE,"400787576"
"417","W. Cauley-Stein","F",33,3,5,0,0,0,0,2,2,4,0,0,2,0,1,6,TRUE,"400787576"
"418","A. Harrison","G",29,0,2,0,1,7,8,1,2,3,2,1,0,2,2,7,TRUE,"400787576"
"419","A. Harrison","G",27,2,7,1,3,1,2,1,3,4,0,0,0,0,0,6,TRUE,"400787576"
"420","M. Lee","F",2,1,1,0,0,0,0,1,1,2,0,0,0,0,0,2,FALSE,"400787576"
"421","D. Johnson","C",8,0,0,0,0,0,2,0,2,2,0,0,3,0,2,0,FALSE,"400787576"
"422","T. Ulis","G",24,1,3,1,1,0,0,0,1,1,2,0,0,0,1,3,FALSE,"400787576"
"423","D. Booker","G",27,4,6,2,3,0,0,0,2,2,0,0,1,0,0,10,FALSE,"400787576"
"424","T. Lyles","F",29,3,7,0,0,3,3,0,1,1,0,0,0,1,2,9,TRUE,"400787769"
"425","K. Towns","F",31,7,11,0,0,2,3,5,4,9,1,1,1,2,2,16,TRUE,"400787769"
"426","W. Cauley-Stein","F",33,1,4,0,0,0,0,0,5,5,1,1,2,1,2,2,TRUE,"400787769"
"427","A. Harrison","G",31,5,11,1,1,2,2,0,2,2,4,1,1,1,2,13,TRUE,"400787769"
"428","A. Harrison","G",27,5,10,0,1,2,2,0,3,3,0,0,0,0,5,12,TRUE,"400787769"
"429","M. Lee","F",5,0,0,0,0,0,0,0,1,1,0,0,0,0,1,0,FALSE,"400787769"
"430","D. Johnson","C",8,0,1,0,0,0,0,0,0,0,0,0,0,1,1,0,FALSE,"400787769"
"431","T. Ulis","G",17,2,4,2,3,0,0,0,0,0,1,2,0,0,2,6,FALSE,"400787769"
"432","D. Booker","G",19,3,6,0,0,0,0,1,0,1,0,0,0,0,3,6,FALSE,"400787769"
