"","player","position","MIN","FGM","FGA","3PTM","3PTA","FTM","FTA","OREB","DREB","REB","AST","STL","BLK","TO","PF","PTS","GP","GS"
"1","D. Cousins","F",23.5,5.42105263157895,9.71052631578947,0.0263157894736842,0.157894736842105,4.26315789473684,7.05263157894737,4.05263157894737,5.78947368421053,9.8421052631579,1,0.973684210526316,1.76315789473684,2.05263157894737,3.21052631578947,15.1315789473684,38,37
"2","D. Dodson","G",14.0588235294118,2.02941176470588,5.44117647058824,1.44117647058824,4.08823529411765,0.558823529411765,0.735294117647059,0.470588235294118,1.97058823529412,2.44117647058824,0.5,0.441176470588235,0.235294117647059,0.676470588235294,1.11764705882353,6.05882352941176,34,6
"3","D. DodsonD. DodsonG",NA,28,1,7,1,5,0,0,0,5,5,0,0,0,0,2,3,1,0
"4","D. Liggins","G",15.3448275862069,1.24137931034483,2.96551724137931,0.482758620689655,1.51724137931034,0.793103448275862,1.3448275862069,0.620689655172414,1.6551724137931,2.27586206896552,0.827586206896552,0.689655172413793,0.275862068965517,0.586206896551724,1.44827586206897,3.75862068965517,29,0
"5","D. Miller","G",21.1578947368421,2.26315789473684,5.65789473684211,1.13157894736842,3.36842105263158,0.815789473684211,1.02631578947368,0.868421052631579,1.63157894736842,2.5,1.52631578947368,0.578947368421053,0.578947368421053,0.921052631578947,1.89473684210526,6.47368421052632,38,31
"6","D. Orton","F",13.2105263157895,1.26315789473684,2.39473684210526,0,0.0526315789473684,0.868421052631579,1.65789473684211,1.18421052631579,2.13157894736842,3.31578947368421,0.394736842105263,0.552631578947368,1.39473684210526,1,2.31578947368421,3.39473684210526,38,1
"7","E. Bledsoe","G",30.3243243243243,3.89189189189189,8.43243243243243,1.32432432432432,3.45945945945946,2.21621621621622,3.32432432432432,0.513513513513513,2.56756756756757,3.08108108108108,2.89189189189189,1.40540540540541,0.324324324324324,3.02702702702703,2.21621621621622,11.3243243243243,37,35
"8","J. Harrellson","F",4,0.545454545454545,1.18181818181818,0.0909090909090909,0.181818181818182,0.0909090909090909,0.0909090909090909,0.409090909090909,0.818181818181818,1.22727272727273,0,0.0909090909090909,0.318181818181818,0.272727272727273,0.363636363636364,1.27272727272727,22,1
"9","J. Hood","C",4.35294117647059,0.352941176470588,1.11764705882353,0.235294117647059,0.647058823529412,0.235294117647059,0.235294117647059,0.411764705882353,0.294117647058824,0.705882352941177,0.352941176470588,0.0588235294117647,0,0.235294117647059,0.352941176470588,1.17647058823529,17,0
"10","J. Wall","G",34.8108108108108,5.45945945945946,11.8378378378378,1,3.08108108108108,4.72972972972973,6.27027027027027,0.810810810810811,3.48648648648649,4.2972972972973,6.51351351351351,1.78378378378378,0.513513513513513,4.02702702702703,1.94594594594595,16.6486486486486,37,36
"11","M. Krebs","G",2.75,0.125,1.0625,0.125,0.9375,0,0,0,0.125,0.125,0.0625,0.0625,0.0625,0.0625,0.125,0.375,16,1
"12","P. Patterson","F",33.0263157894737,5.65789473684211,9.8421052631579,0.631578947368421,1.81578947368421,2.36842105263158,3.42105263157895,3.05263157894737,4.39473684210526,7.44736842105263,0.947368421052632,0.710526315789474,1.34210526315789,1.07894736842105,1.60526315789474,14.3157894736842,38,38
"13","P. Stevenson","F",7.61764705882353,0.529411764705882,0.794117647058823,0,0.0294117647058824,0.235294117647059,0.382352941176471,0.382352941176471,1.02941176470588,1.41176470588235,0.205882352941176,0.117647058823529,0.588235294117647,0.352941176470588,0.558823529411765,1.29411764705882,34,2
"14","R. HarrisR","F",10.9722222222222,0.583333333333333,1.72222222222222,0.138888888888889,0.861111111111111,0.555555555555556,0.916666666666667,0.833333333333333,1.25,2.08333333333333,0.638888888888889,0.305555555555556,0.138888888888889,0.722222222222222,0.75,1.86111111111111,36,2
