"","player","position","MIN","FGM","FGA","3PTM","3PTA","FTM","FTA","OREB","DREB","REB","AST","STL","BLK","TO","PF","PTS","GP","GS"
"1","B. Adebayo","F",30.1578947368421,4.47368421052632,7.47368421052632,0,0,4.05263157894737,6.21052631578947,3.10526315789474,4.89473684210526,8,0.842105263157895,0.684210526315789,1.5,1.68421052631579,2.60526315789474,13,38,38
"2","B. Calipari","G",3,0.133333333333333,0.866666666666667,0.133333333333333,0.8,0.133333333333333,0.333333333333333,0.0666666666666667,0.133333333333333,0.2,0.0666666666666667,0,0.0666666666666667,0.133333333333333,0.2,0.533333333333333,15,0
"3","D. Fox","G",29.5555555555556,5.94444444444444,12.4166666666667,0.472222222222222,1.91666666666667,4.33333333333333,5.88888888888889,0.583333333333333,3.38888888888889,3.97222222222222,4.58333333333333,1.47222222222222,0.194444444444444,2.41666666666667,2.5,16.6944444444444,36,34
"4","D. Hawkins","G",19.2368421052632,1.47368421052632,3.65789473684211,0.578947368421053,1.68421052631579,1.15789473684211,1.39473684210526,0.605263157894737,1.02631578947368,1.63157894736842,1.68421052631579,0.789473684210526,0,0.473684210526316,2.05263157894737,4.68421052631579,38,4
"5","D. Pulliam","G",1.33333333333333,0,0.166666666666667,0,0,0,0,0,0.166666666666667,0.166666666666667,0.166666666666667,0,0,0.166666666666667,0,0,6,0
"6","D. Willis","F",21.8157894736842,2.57894736842105,5.39473684210526,1.28947368421053,3.42105263157895,0.578947368421053,0.842105263157895,1.05263157894737,4.34210526315789,5.39473684210526,0.894736842105263,0.657894736842105,1.02631578947368,0.710526315789474,2,7.02631578947368,38,15
"7","I. Briscoe","G",30.4166666666667,4.52777777777778,9.63888888888889,0.472222222222222,1.63888888888889,2.61111111111111,4.11111111111111,1.47222222222222,3.94444444444444,5.41666666666667,4.19444444444444,0.833333333333333,0.194444444444444,2.47222222222222,2.55555555555556,12.1388888888889,36,36
"8","I. Humphries","F",8.28947368421053,1.18421052631579,2.31578947368421,0,0,0.394736842105263,0.657894736842105,1.34210526315789,1.44736842105263,2.78947368421053,0.236842105263158,0.210526315789474,0.473684210526316,0.421052631578947,1.52631578947368,2.76315789473684,38,1
"9","J. David","G",1.57142857142857,0.142857142857143,0.285714285714286,0.142857142857143,0.142857142857143,0.285714285714286,0.571428571428571,0,0,0,0,0,0,0.428571428571429,0,0.714285714285714,7,0
"10","M. Monk","G",32.0526315789474,6.60526315789474,14.6842105263158,2.73684210526316,6.89473684210526,3.89473684210526,4.73684210526316,0.315789473684211,2.18421052631579,2.5,2.28947368421053,0.947368421052632,0.5,2,1.89473684210526,19.8421052631579,38,37
"11","M. Mulder","G",10.5625,1.625,4,1.09375,3,0.375,0.40625,0.5,1,1.5,0.375,0.25,0.1875,0.34375,0.84375,4.71875,32,2
"12","S. Killeya-Jones","F",6.4,1.13333333333333,1.93333333333333,0,0,0.4,1,0.8,1.26666666666667,2.06666666666667,0.133333333333333,0.0666666666666667,0.666666666666667,0.466666666666667,1.26666666666667,2.66666666666667,15,0
"13","T. Wynyard","F",3.6,0.333333333333333,0.4,0,0,0.0666666666666667,0.2,0.333333333333333,0.533333333333333,0.866666666666667,0.0666666666666667,0.0666666666666667,0.2,0.133333333333333,0.733333333333333,0.733333333333333,15,0
"14","W. Gabriel","F",17.7894736842105,1.57894736842105,3.89473684210526,0.526315789473684,1.65789473684211,0.894736842105263,1.44736842105263,1.60526315789474,3.23684210526316,4.84210526315789,0.684210526315789,0.289473684210526,0.894736842105263,0.763157894736842,2.39473684210526,4.57894736842105,38,23
