"","player","position","MIN","FGM","FGA","3PTM","3PTA","FTM","FTA","OREB","DREB","REB","AST","STL","BLK","TO","PF","PTS","starter","game_id"
"1","B. Adebayo","F",15,1,1,0,0,3,7,1,0,1,1,1,0,1,4,5,TRUE,"400910679"
"2","D. Willis","F",31,5,7,1,3,4,4,1,4,5,2,1,3,0,1,15,TRUE,"400910679"
"3","M. Monk","G",20,4,14,1,6,1,1,0,0,0,1,1,1,1,3,10,TRUE,"400910679"
"4","D. Fox","G",30,3,9,0,2,6,6,2,2,4,12,3,0,3,3,12,TRUE,"400910679"
"5","I. Briscoe","G",31,6,11,1,3,4,7,0,1,1,1,1,0,4,2,17,TRUE,"400910679"
"6","W. Gabriel","F",18,5,6,0,1,0,1,0,2,2,0,2,0,0,2,10,FALSE,"400910679"
"7","S. Killeya-Jones","F",9,0,1,0,0,0,0,1,2,3,0,0,1,2,0,0,FALSE,"400910679"
"8","T. Wynyard","F",2,0,0,0,0,0,0,0,0,0,0,0,0,0,1,0,FALSE,"400910679"
"9","I. Humphries","F",19,4,8,0,0,1,2,4,4,8,1,3,3,1,0,9,FALSE,"400910679"
"10","B. Calipari","G",2,0,0,0,0,0,0,0,0,0,0,0,0,0,0,0,FALSE,"400910679"
"11","M. Mulder","G",6,3,4,2,3,0,0,0,0,0,0,0,0,0,1,8,FALSE,"400910679"
"12","D. Hawkins","G",17,0,1,0,0,1,2,0,0,0,3,0,0,1,2,1,FALSE,"400910679"
"13","B. Adebayo","F",27,3,9,0,0,8,13,6,5,11,2,0,3,0,2,14,TRUE,"400910680"
"14","D. Willis","F",16,1,2,0,1,0,0,0,2,2,0,0,1,1,0,2,TRUE,"400910680"
"15","M. Monk","G",32,5,11,2,6,4,4,1,3,4,2,1,1,3,2,16,TRUE,"400910680"
"16","D. Fox","G",33,6,13,0,3,9,9,1,3,4,3,0,0,2,1,21,TRUE,"400910680"
"17","I. Briscoe","G",32,9,13,0,0,3,4,0,5,5,2,0,1,1,3,21,TRUE,"400910680"
"18","W. Gabriel","F",17,1,4,1,3,0,0,2,1,3,0,0,0,0,3,3,FALSE,"400910680"
"19","S. Killeya-Jones","F",7,1,1,0,0,1,4,1,3,4,0,0,1,0,1,3,FALSE,"400910680"
"20","T. Wynyard","F",3,0,0,0,0,0,0,0,1,1,0,0,0,1,0,0,FALSE,"400910680"
"21","I. Humphries","F",7,3,4,0,0,0,0,3,1,4,0,0,0,1,3,6,FALSE,"400910680"
"22","B. Calipari","G",3,0,0,0,0,2,3,0,0,0,0,0,0,1,0,2,FALSE,"400910680"
"23","M. Mulder","G",4,1,2,1,2,0,0,0,0,0,0,1,0,0,1,3,FALSE,"400910680"
"24","J. David","G",2,0,0,0,0,0,2,0,0,0,0,0,0,0,0,0,FALSE,"400910680"
"25","D. Pulliam","G",2,0,0,0,0,0,0,0,0,0,0,0,0,0,0,0,FALSE,"400910680"
"26","D. Hawkins","G",15,1,2,0,1,0,0,1,0,1,1,2,0,0,3,2,FALSE,"400910680"
"27","B. Adebayo","F",26,2,3,0,0,2,3,1,4,5,0,0,2,5,4,6,TRUE,"400910681"
"28","D. Willis","F",16,0,1,0,0,0,0,0,2,2,3,0,2,1,1,0,TRUE,"400910681"
"29","M. Monk","G",34,8,17,7,11,0,0,0,6,6,1,0,0,2,1,23,TRUE,"400910681"
"30","D. Fox","G",29,3,10,0,2,6,6,0,4,4,6,1,1,3,2,12,TRUE,"400910681"
"31","I. Briscoe","G",35,8,18,0,3,5,5,2,2,4,2,1,0,1,1,21,TRUE,"400910681"
"32","W. Gabriel","F",24,1,2,0,1,2,2,3,3,6,2,3,1,0,3,4,FALSE,"400910681"
"33","S. Killeya-Jones","F",4,0,1,0,0,0,2,0,0,0,0,0,0,1,1,0,FALSE,"400910681"
"34","T. Wynyard","F",2,0,0,0,0,0,0,0,2,2,0,0,0,0,0,0,FALSE,"400910681"
"35","I. Humphries","F",13,0,3,0,0,0,0,1,4,5,1,2,1,1,2,0,FALSE,"400910681"
"36","B. Calipari","G",2,0,1,0,1,0,0,0,0,0,0,0,0,0,0,0,FALSE,"400910681"
"37","M. Mulder","G",2,0,1,0,1,0,0,0,0,0,0,0,1,0,0,0,FALSE,"400910681"
"38","D. Hawkins","G",13,1,3,0,2,1,2,1,1,2,2,1,0,0,1,3,FALSE,"400910681"
"39","W. Gabriel","F",22,3,5,0,1,2,2,3,3,6,0,0,1,1,2,8,TRUE,"400910682"
"40","B. Adebayo","F",24,5,8,0,0,2,3,3,5,8,1,2,2,1,2,12,TRUE,"400910682"
"41","M. Monk","G",18,6,12,2,8,0,0,0,2,2,0,0,1,1,2,14,TRUE,"400910682"
"42","D. Fox","G",31,5,13,1,2,5,8,1,6,7,6,3,0,1,2,16,TRUE,"400910682"
"43","I. Briscoe","G",17,4,10,0,1,5,6,0,3,3,5,4,1,3,0,13,TRUE,"400910682"
"44","S. Killeya-Jones","F",13,3,5,0,0,0,0,1,2,3,0,0,2,0,2,6,FALSE,"400910682"
"45","T. Wynyard","F",3,1,1,0,0,0,0,0,0,0,0,0,0,0,1,2,FALSE,"400910682"
"46","I. Humphries","F",10,1,2,0,0,0,0,1,2,3,0,0,0,0,1,2,FALSE,"400910682"
"47","D. Willis","F",15,1,4,1,4,2,2,0,3,3,1,2,2,0,3,5,FALSE,"400910682"
"48","B. Calipari","G",3,0,0,0,0,0,0,0,1,1,0,0,0,0,0,0,FALSE,"400910682"
"49","M. Mulder","G",20,5,11,3,8,0,0,3,1,4,1,0,1,1,1,13,FALSE,"400910682"
"50","J. David","G",2,0,0,0,0,0,0,0,0,0,0,0,0,2,0,0,FALSE,"400910682"
"51","D. Pulliam","G",2,0,0,0,0,0,0,0,1,1,1,0,0,1,0,0,FALSE,"400910682"
"52","D. Hawkins","G",20,1,5,0,2,0,0,2,1,3,4,0,0,0,1,2,FALSE,"400910682"
"53","B. Adebayo","F",26,5,8,0,0,4,4,2,5,7,2,0,0,1,4,14,TRUE,"400910683"
"54","D. Willis","F",20,3,6,1,3,0,0,1,4,5,1,1,1,1,3,7,TRUE,"400910683"
"55","M. Monk","G",30,8,12,4,6,3,5,0,3,3,4,2,0,3,1,23,TRUE,"400910683"
"56","D. Fox","G",33,6,15,0,2,4,7,0,4,4,11,2,1,2,1,16,TRUE,"400910683"
"57","D. Hawkins","G",6,0,0,0,0,0,0,0,1,1,0,1,0,0,1,0,TRUE,"400910683"
"58","W. Gabriel","F",26,4,8,1,3,1,3,4,6,10,6,0,1,1,4,10,FALSE,"400910683"
"59","S. Killeya-Jones","F",11,1,2,0,0,3,5,0,2,2,0,0,1,0,0,5,FALSE,"400910683"
"60","T. Wynyard","F",4,2,2,0,0,0,1,1,2,3,0,0,0,0,0,4,FALSE,"400910683"
"61","I. Humphries","F",11,4,6,0,0,1,1,5,4,9,1,0,0,2,3,9,FALSE,"400910683"
"62","B. Calipari","G",8,0,3,0,3,0,0,0,0,0,0,0,1,1,0,0,FALSE,"400910683"
"63","M. Mulder","G",22,5,10,3,7,0,0,2,0,2,0,0,1,2,1,13,FALSE,"400910683"
"64","J. David","G",3,0,1,0,0,0,0,0,0,0,0,0,0,0,0,0,FALSE,"400910683"
"65","W. Gabriel","F",28,4,6,1,1,6,6,2,4,6,1,0,0,2,4,15,TRUE,"400910684"
"66","B. Adebayo","F",25,5,10,0,0,5,8,8,4,12,0,0,1,1,0,15,TRUE,"400910684"
"67","M. Monk","G",29,10,17,2,8,4,4,0,2,2,7,1,0,2,2,26,TRUE,"400910684"
"68","D. Fox","G",28,7,12,0,3,2,4,1,5,6,5,3,0,4,2,16,TRUE,"400910684"
"69","D. Hawkins","G",32,1,5,0,2,4,4,2,2,4,9,1,0,1,0,6,TRUE,"400910684"
"70","S. Killeya-Jones","F",13,6,8,0,0,0,0,1,3,4,0,0,1,1,3,12,FALSE,"400910684"
"71","T. Wynyard","F",3,0,1,0,0,0,0,1,1,2,1,0,0,0,0,0,FALSE,"400910684"
"72","I. Humphries","F",12,3,5,0,0,1,1,2,1,3,0,0,2,0,2,7,FALSE,"400910684"
"73","D. Willis","F",8,1,3,0,1,0,0,1,0,1,0,0,1,0,1,2,FALSE,"400910684"
"74","B. Calipari","G",5,0,2,0,2,0,2,0,0,0,0,0,0,0,1,0,FALSE,"400910684"
"75","M. Mulder","G",15,4,5,4,5,0,0,0,2,2,1,2,0,0,3,12,FALSE,"400910684"
"76","J. David","G",1,0,0,0,0,0,0,0,0,0,0,0,0,1,0,0,FALSE,"400910684"
"77","D. Pulliam","G",1,0,0,0,0,0,0,0,0,0,0,0,0,0,0,0,FALSE,"400910684"
"78","W. Gabriel","F",20,5,11,0,1,0,0,3,4,7,4,0,2,1,2,10,TRUE,"400910685"
"79","B. Adebayo","F",23,5,7,0,0,2,3,5,4,9,2,0,3,0,1,12,TRUE,"400910685"
"80","M. Monk","G",30,8,20,3,10,4,5,0,3,3,4,1,0,2,0,23,TRUE,"400910685"
"81","D. Fox","G",31,6,9,1,1,1,2,2,9,11,10,2,0,4,3,14,TRUE,"400910685"
"82","I. Briscoe","G",25,7,9,2,2,4,6,1,3,4,7,3,0,1,3,20,TRUE,"400910685"
"83","S. Killeya-Jones","F",10,2,2,0,0,0,0,2,4,6,1,0,0,0,4,4,FALSE,"400910685"
"84","T. Wynyard","F",3,1,1,0,0,0,0,1,0,1,0,0,1,0,0,2,FALSE,"400910685"
"85","I. Humphries","F",8,1,2,0,0,1,2,3,0,3,0,0,2,0,1,3,FALSE,"400910685"
"86","D. Willis","F",16,4,6,1,3,2,2,1,5,6,1,1,1,1,1,11,FALSE,"400910685"
"87","B. Calipari","G",4,1,3,1,2,0,0,0,1,1,1,0,0,0,0,3,FALSE,"400910685"
"88","M. Mulder","G",11,2,7,2,6,0,0,1,2,3,0,0,0,0,0,6,FALSE,"400910685"
"89","J. David","G",1,0,0,0,0,0,0,0,0,0,0,0,0,0,0,0,FALSE,"400910685"
"90","D. Pulliam","G",1,0,1,0,0,0,0,0,0,0,0,0,0,0,0,0,FALSE,"400910685"
"91","D. Hawkins","G",17,2,5,1,3,2,2,0,3,3,3,0,0,0,1,7,FALSE,"400910685"
"92","W. Gabriel","F",17,1,2,0,1,0,0,5,3,8,0,0,0,2,1,2,TRUE,"400910686"
"93","B. Adebayo","F",33,4,12,0,0,10,13,7,6,13,0,0,4,0,3,18,TRUE,"400910686"
"94","M. Monk","G",36,10,19,4,8,0,0,2,1,3,0,5,0,2,3,24,TRUE,"400910686"
"95","D. Fox","G",34,8,20,1,4,3,5,0,2,2,9,1,0,2,4,20,TRUE,"400910686"
"96","I. Briscoe","G",34,4,14,0,5,4,7,1,3,4,3,0,0,3,4,12,TRUE,"400910686"
"97","I. Humphries","F",8,0,2,0,0,0,0,2,0,2,2,1,2,0,2,0,FALSE,"400910686"
"98","D. Willis","F",22,4,7,2,4,1,2,1,3,4,2,1,0,0,3,11,FALSE,"400910686"
"99","D. Hawkins","G",16,2,4,1,2,0,0,0,1,1,0,0,0,0,2,5,FALSE,"400910686"
"100","W. Gabriel","F",19,1,3,0,1,1,1,1,5,6,1,0,3,2,4,3,TRUE,"400910687"
"101","B. Adebayo","F",29,5,9,0,0,6,8,3,4,7,0,1,1,3,2,16,TRUE,"400910687"
"102","M. Monk","G",22,6,13,1,5,2,2,1,1,2,1,0,0,2,2,15,TRUE,"400910687"
"103","D. Fox","G",29,3,9,0,1,3,8,1,6,7,5,2,1,1,1,9,TRUE,"400910687"
"104","I. Briscoe","G",24,4,7,0,1,2,3,0,1,1,2,2,0,3,2,10,TRUE,"400910687"
"105","S. Killeya-Jones","F",8,1,2,0,0,0,2,2,1,3,0,0,2,2,1,2,FALSE,"400910687"
"106","I. Humphries","F",9,1,2,0,0,0,0,1,2,3,0,0,1,1,3,2,FALSE,"400910687"
"107","D. Willis","F",15,5,9,2,5,0,0,3,1,4,0,1,0,2,1,12,FALSE,"400910687"
"108","B. Calipari","G",3,1,2,1,2,0,0,0,0,0,0,0,0,0,0,3,FALSE,"400910687"
"109","M. Mulder","G",16,4,10,1,5,0,0,4,3,7,2,0,1,0,1,9,FALSE,"400910687"
"110","D. Hawkins","G",26,2,5,2,3,0,0,2,1,3,4,1,0,1,1,6,FALSE,"400910687"
"111","B. Adebayo","F",25,7,10,0,0,0,1,1,6,7,1,0,2,1,2,14,TRUE,"400910688"
"112","D. Willis","F",23,3,7,2,4,0,0,2,6,8,2,2,1,0,0,8,TRUE,"400910688"
"113","M. Monk","G",29,7,16,4,10,2,2,1,0,1,4,0,1,0,4,20,TRUE,"400910688"
"114","D. Fox","G",24,5,8,0,1,5,5,0,5,5,2,0,0,2,3,15,TRUE,"400910688"
"115","I. Briscoe","G",32,8,11,1,2,2,5,1,1,2,6,0,0,3,3,19,TRUE,"400910688"
"116","W. Gabriel","F",13,1,2,0,1,0,0,1,3,4,1,0,0,1,3,2,FALSE,"400910688"
"117","S. Killeya-Jones","F",9,2,4,0,0,0,0,2,0,2,0,1,2,0,3,4,FALSE,"400910688"
"118","I. Humphries","F",13,1,4,0,0,1,4,1,2,3,1,0,2,0,2,3,FALSE,"400910688"
"119","B. Calipari","G",3,0,1,0,1,0,0,0,0,0,0,0,0,0,2,0,FALSE,"400910688"
"120","M. Mulder","G",15,2,6,0,2,2,2,1,4,5,0,0,0,0,1,6,FALSE,"400910688"
"121","D. Hawkins","G",14,1,3,1,2,2,2,1,0,1,3,1,0,0,4,5,FALSE,"400910688"
"122","W. Gabriel","F",21,1,3,0,1,2,3,3,3,6,0,0,1,2,3,4,TRUE,"400910689"
"123","B. Adebayo","F",19,6,11,0,0,1,3,4,3,7,1,0,0,0,5,13,TRUE,"400910689"
"124","M. Monk","G",38,18,28,8,12,3,5,0,0,0,2,1,0,2,0,47,TRUE,"400910689"
"125","D. Fox","G",35,9,21,0,2,6,7,0,4,4,10,2,0,2,1,24,TRUE,"400910689"
"126","I. Briscoe","G",38,4,6,1,1,1,2,3,4,7,4,0,1,1,4,10,TRUE,"400910689"
"127","S. Killeya-Jones","F",1,0,0,0,0,0,0,0,0,0,0,0,0,0,1,0,FALSE,"400910689"
"128","I. Humphries","F",20,1,3,0,0,0,1,2,3,5,0,0,0,1,3,2,FALSE,"400910689"
"129","D. Willis","F",19,1,2,1,2,0,0,0,1,1,0,1,0,1,1,3,FALSE,"400910689"
"130","D. Hawkins","G",9,0,0,0,0,0,0,0,2,2,2,0,0,0,2,0,FALSE,"400910689"
"131","W. Gabriel","F",12,0,2,0,1,2,2,3,4,7,0,1,2,0,3,2,TRUE,"400910690"
"132","B. Adebayo","F",35,5,6,0,0,1,6,4,5,9,1,1,2,3,3,11,TRUE,"400910690"
"133","M. Monk","G",29,6,17,1,9,3,3,0,3,3,1,1,0,3,4,16,TRUE,"400910690"
"134","D. Fox","G",34,7,15,1,3,6,10,0,2,2,3,2,0,4,3,21,TRUE,"400910690"
"135","I. Briscoe","G",31,1,5,0,0,6,6,0,5,5,3,1,0,1,4,8,TRUE,"400910690"
"136","I. Humphries","F",5,0,0,0,0,0,0,0,0,0,0,0,0,0,1,0,FALSE,"400910690"
"137","D. Willis","F",28,2,7,1,5,1,2,3,6,9,1,1,0,1,1,6,FALSE,"400910690"
"138","M. Mulder","G",9,2,4,2,3,0,0,0,0,0,0,0,0,0,0,6,FALSE,"400910690"
"139","D. Hawkins","G",17,0,2,0,1,0,0,1,0,1,1,0,0,0,1,0,FALSE,"400910690"
"140","W. Gabriel","F",14,1,2,0,0,0,0,1,2,3,2,1,2,0,3,2,TRUE,"400910691"
"141","B. Adebayo","F",34,12,19,0,0,1,4,1,3,4,1,0,3,1,1,25,TRUE,"400910691"
"142","M. Monk","G",35,11,16,5,7,7,8,2,4,6,1,3,0,1,2,34,TRUE,"400910691"
"143","D. Fox","G",23,3,10,0,2,1,3,0,5,5,7,3,0,1,2,7,TRUE,"400910691"
"144","I. Briscoe","G",36,6,14,1,1,6,6,3,7,10,11,1,0,2,2,19,TRUE,"400910691"
"145","S. Killeya-Jones","F",0,0,0,0,0,0,0,0,0,0,0,0,0,0,0,0,FALSE,"400910691"
"146","T. Wynyard","F",2,0,0,0,0,0,0,0,0,0,0,0,0,0,1,0,FALSE,"400910691"
"147","I. Humphries","F",4,0,0,0,0,2,2,0,3,3,0,0,1,1,0,2,FALSE,"400910691"
"148","D. Willis","F",24,3,7,1,4,0,1,2,7,9,1,0,2,1,2,7,FALSE,"400910691"
"149","B. Calipari","G",1,0,0,0,0,0,0,0,0,0,0,0,0,0,0,0,FALSE,"400910691"
"150","M. Mulder","G",13,1,3,1,3,0,0,0,0,0,0,1,0,0,1,3,FALSE,"400910691"
"151","D. Hawkins","G",14,0,3,0,1,0,0,0,0,0,1,0,0,0,3,0,FALSE,"400910691"
"152","W. Gabriel","F",23,1,4,1,2,2,2,2,2,4,0,0,0,0,3,5,TRUE,"400910692"
"153","B. Adebayo","F",23,4,6,0,0,2,2,1,2,3,1,3,3,2,0,10,TRUE,"400910692"
"154","M. Monk","G",24,8,11,5,7,5,5,0,1,1,0,1,0,1,1,26,TRUE,"400910692"
"155","D. Fox","G",28,5,9,0,1,5,8,1,4,5,6,2,0,3,0,15,TRUE,"400910692"
"156","I. Briscoe","G",28,5,9,3,3,0,0,1,0,1,7,1,0,0,3,13,TRUE,"400910692"
"157","S. Killeya-Jones","F",6,1,3,0,0,0,0,2,0,2,0,0,0,1,1,2,FALSE,"400910692"
"158","T. Wynyard","F",4,0,0,0,0,0,0,0,0,0,0,0,0,0,2,0,FALSE,"400910692"
"159","I. Humphries","F",13,3,6,0,0,2,4,2,4,6,1,0,0,0,4,8,FALSE,"400910692"
"160","D. Willis","F",14,2,7,1,5,0,0,1,2,3,0,1,0,1,0,5,FALSE,"400910692"
"161","B. Calipari","G",5,0,1,0,1,0,0,1,0,1,0,0,0,0,0,0,FALSE,"400910692"
"162","M. Mulder","G",8,1,3,1,3,2,2,1,1,2,0,0,0,1,1,5,FALSE,"400910692"
"163","J. David","G",2,1,1,1,1,2,2,0,0,0,0,0,0,0,0,5,FALSE,"400910692"
"164","D. Pulliam","G",2,0,0,0,0,0,0,0,0,0,0,0,0,0,0,0,FALSE,"400910692"
"165","D. Hawkins","G",20,2,3,1,2,1,1,0,0,0,1,2,0,0,1,6,FALSE,"400910692"
"166","W. Gabriel","F",12,1,2,0,1,1,2,1,3,4,0,0,2,2,3,3,TRUE,"400910589"
"167","B. Adebayo","F",33,3,5,0,0,5,10,4,3,7,1,1,1,1,2,11,TRUE,"400910589"
"168","M. Monk","G",27,4,10,0,5,4,6,1,0,1,3,1,0,1,4,12,TRUE,"400910589"
"169","D. Fox","G",36,10,16,0,2,7,7,0,6,6,6,1,0,2,2,27,TRUE,"400910589"
"170","I. Briscoe","G",36,4,11,0,1,7,9,3,5,8,1,0,0,2,2,15,TRUE,"400910589"
"171","S. Killeya-Jones","F",2,0,0,0,0,2,2,0,2,2,1,0,0,0,0,2,FALSE,"400910589"
"172","T. Wynyard","F",2,0,0,0,0,0,0,0,0,0,0,0,0,0,0,0,FALSE,"400910589"
"173","I. Humphries","F",7,1,1,0,0,2,4,2,2,4,0,0,0,0,0,4,FALSE,"400910589"
"174","D. Willis","F",19,6,8,3,5,0,0,2,3,5,0,0,2,0,3,15,FALSE,"400910589"
"175","B. Calipari","G",2,0,0,0,0,0,0,0,0,0,0,0,0,0,0,0,FALSE,"400910589"
"176","M. Mulder","G",9,2,3,2,3,0,0,0,1,1,0,0,0,0,2,6,FALSE,"400910589"
"177","J. David","G",0,0,0,0,0,0,0,0,0,0,0,0,0,0,0,0,FALSE,"400910589"
"178","D. Pulliam","G",0,0,0,0,0,0,0,0,0,0,0,0,0,0,0,0,FALSE,"400910589"
"179","D. Hawkins","G",15,1,4,0,2,0,0,0,2,2,1,0,0,1,2,2,FALSE,"400910589"
"180","W. Gabriel","F",22,1,3,0,1,2,4,0,5,5,0,0,1,1,3,4,TRUE,"400910693"
"181","B. Adebayo","F",30,3,4,0,0,8,10,3,4,7,0,0,0,1,4,14,TRUE,"400910693"
"182","M. Monk","G",29,6,15,1,4,5,6,0,1,1,1,1,0,0,3,18,TRUE,"400910693"
"183","D. Fox","G",25,11,17,0,1,0,0,0,5,5,2,1,0,1,4,22,TRUE,"400910693"
"184","I. Briscoe","G",39,10,18,0,1,3,4,2,5,7,5,0,0,1,0,23,TRUE,"400910693"
"185","I. Humphries","F",8,1,4,0,0,0,0,4,3,7,0,0,0,0,2,2,FALSE,"400910693"
"186","D. Willis","F",22,1,3,0,0,0,0,1,2,3,0,0,0,0,2,2,FALSE,"400910693"
"187","M. Mulder","G",16,1,3,0,2,0,0,0,2,2,0,0,0,1,2,2,FALSE,"400910693"
"188","D. Hawkins","G",9,0,0,0,0,0,0,0,0,0,0,0,0,1,3,0,FALSE,"400910693"
"189","W. Gabriel","F",29,2,8,2,3,0,4,5,11,16,0,1,2,0,3,6,TRUE,"400910620"
"190","B. Adebayo","F",35,4,5,0,0,7,11,2,6,8,0,0,3,3,2,15,TRUE,"400910620"
"191","M. Monk","G",36,8,14,4,8,4,4,0,1,1,6,0,1,1,0,24,TRUE,"400910620"
"192","D. Fox","G",27,6,11,1,2,0,2,1,3,4,5,1,0,1,5,13,TRUE,"400910620"
"193","I. Briscoe","G",25,4,6,2,2,0,4,1,2,3,5,1,0,4,4,10,TRUE,"400910620"
"194","I. Humphries","F",5,2,2,0,0,0,0,1,0,1,0,0,0,1,1,4,FALSE,"400910620"
"195","D. Willis","F",9,1,3,0,0,0,0,0,2,2,0,0,0,1,1,2,FALSE,"400910620"
"196","M. Mulder","G",15,3,5,1,3,5,5,0,1,1,2,0,0,1,1,12,FALSE,"400910620"
"197","D. Hawkins","G",19,2,2,1,1,1,2,0,1,1,1,0,0,1,1,6,FALSE,"400910620"
"198","W. Gabriel","F",24,5,5,3,3,0,1,3,5,8,2,1,3,1,3,13,TRUE,"400910694"
"199","B. Adebayo","F",20,2,2,0,0,1,2,1,3,4,1,0,2,3,4,5,TRUE,"400910694"
"200","M. Monk","G",34,5,14,0,3,4,6,0,3,3,4,1,0,5,1,14,TRUE,"400910694"
"201","D. Fox","G",36,8,15,0,3,5,9,0,5,5,5,1,0,3,0,21,TRUE,"400910694"
"202","I. Briscoe","G",31,4,14,0,3,4,4,2,2,4,3,2,0,2,4,12,TRUE,"400910694"
"203","S. Killeya-Jones","F",1,0,0,0,0,0,0,0,0,0,0,0,0,0,2,0,FALSE,"400910694"
"204","T. Wynyard","F",5,0,0,0,0,1,2,1,0,1,0,0,1,0,1,1,FALSE,"400910694"
"205","I. Humphries","F",10,2,5,0,0,0,0,2,0,2,0,0,0,0,5,4,FALSE,"400910694"
"206","D. Willis","F",18,5,6,3,4,0,0,0,5,5,0,0,0,2,3,13,FALSE,"400910694"
"207","M. Mulder","G",5,0,1,0,1,0,0,0,1,1,1,0,0,0,0,0,FALSE,"400910694"
"208","D. Hawkins","G",16,2,3,1,1,0,0,2,0,2,0,0,0,0,1,5,FALSE,"400910694"
"209","W. Gabriel","F",27,4,9,3,8,0,0,1,4,5,2,1,1,0,1,11,TRUE,"400910695"
"210","B. Adebayo","F",29,5,6,0,0,8,12,2,1,3,1,2,0,1,4,18,TRUE,"400910695"
"211","M. Monk","G",36,9,14,4,7,5,6,0,3,3,1,2,1,4,0,27,TRUE,"400910695"
"212","D. Fox","G",8,3,3,0,0,0,1,0,1,1,1,0,0,0,0,6,TRUE,"400910695"
"213","I. Briscoe","G",29,0,2,0,1,0,0,1,2,3,4,0,0,7,4,0,TRUE,"400910695"
"214","S. Killeya-Jones","F",2,0,0,0,0,0,0,0,0,0,0,0,0,0,0,0,FALSE,"400910695"
"215","T. Wynyard","F",1,0,0,0,0,0,0,0,0,0,0,0,0,0,0,0,FALSE,"400910695"
"216","I. Humphries","F",10,2,2,0,0,2,2,2,2,4,0,0,2,1,3,6,FALSE,"400910695"
"217","D. Willis","F",29,4,8,1,3,3,4,1,6,7,1,0,1,2,0,12,FALSE,"400910695"
"218","B. Calipari","G",1,0,0,0,0,0,0,0,0,0,0,0,0,0,0,0,FALSE,"400910695"
"219","D. Hawkins","G",28,1,4,0,1,3,3,0,3,3,7,1,0,2,4,5,FALSE,"400910695"
"220","W. Gabriel","F",28,1,6,0,3,0,2,0,9,9,1,0,2,2,3,2,TRUE,"400910696"
"221","B. Adebayo","F",34,7,8,0,0,7,8,1,4,5,0,0,2,1,3,21,TRUE,"400910696"
"222","M. Monk","G",37,7,19,3,13,8,10,0,3,3,4,1,0,5,2,25,TRUE,"400910696"
"223","D. Fox","G",25,4,9,2,2,7,8,0,0,0,4,2,1,2,4,17,TRUE,"400910696"
"224","I. Briscoe","G",34,5,12,1,2,0,0,3,11,14,5,1,0,2,2,11,TRUE,"400910696"
"225","I. Humphries","F",5,0,0,0,0,0,0,0,0,0,0,0,0,0,1,0,FALSE,"400910696"
"226","D. Willis","F",22,1,5,0,3,2,3,4,3,7,0,0,2,2,3,4,FALSE,"400910696"
"227","D. Hawkins","G",15,0,1,0,1,0,0,0,1,1,0,0,0,0,2,0,FALSE,"400910696"
"228","W. Gabriel","F",14,0,3,0,3,0,0,0,2,2,0,1,0,1,1,0,TRUE,"400910697"
"229","B. Adebayo","F",37,3,7,0,0,4,10,4,4,8,3,2,1,4,4,10,TRUE,"400910697"
"230","M. Monk","G",39,6,13,2,6,4,5,1,3,4,2,0,0,2,2,18,TRUE,"400910697"
"231","D. Fox","G",38,5,12,0,2,0,0,0,2,2,2,2,0,5,3,10,TRUE,"400910697"
"232","I. Briscoe","G",26,4,9,1,2,3,4,3,5,8,6,0,0,3,3,12,TRUE,"400910697"
"233","I. Humphries","F",4,0,0,0,0,0,0,0,0,0,0,0,1,1,2,0,FALSE,"400910697"
"234","D. Willis","F",25,6,7,5,6,1,2,0,6,6,0,0,2,1,1,18,FALSE,"400910697"
"235","D. Hawkins","G",17,2,4,0,1,1,1,1,3,4,1,0,0,0,1,5,FALSE,"400910697"
"236","B. Adebayo","F",23,4,6,0,0,4,6,2,3,5,0,1,1,1,4,12,TRUE,"400910673"
"237","I. Humphries","F",13,2,5,0,0,0,0,4,3,7,0,0,0,1,3,4,TRUE,"400910673"
"238","D. Willis","F",36,1,4,1,4,0,0,0,5,5,4,2,0,0,4,3,TRUE,"400910673"
"239","M. Monk","G",44,10,21,7,11,10,12,0,3,3,1,3,3,5,1,37,TRUE,"400910673"
"240","I. Briscoe","G",45,6,15,0,2,11,15,4,7,11,8,0,0,6,3,23,TRUE,"400910673"
"241","W. Gabriel","F",28,3,8,1,2,0,1,5,1,6,0,0,1,0,3,7,FALSE,"400910673"
"242","T. Wynyard","F",12,0,0,0,0,0,0,0,2,2,0,1,1,1,3,0,FALSE,"400910673"
"243","D. Hawkins","G",25,1,5,0,2,2,2,0,1,1,1,0,0,0,1,4,FALSE,"400910673"
"244","W. Gabriel","F",13,2,2,1,1,0,2,1,4,5,0,0,1,0,5,5,TRUE,"400910650"
"245","B. Adebayo","F",33,4,10,0,0,1,5,1,6,7,1,4,1,2,3,9,TRUE,"400910650"
"246","M. Monk","G",34,4,14,3,7,0,0,0,0,0,2,0,1,1,4,11,TRUE,"400910650"
"247","I. Briscoe","G",30,3,10,0,1,0,2,1,2,3,3,0,0,4,2,6,TRUE,"400910650"
"248","D. Hawkins","G",21,0,4,0,2,4,4,0,0,0,0,1,0,3,1,4,TRUE,"400910650"
"249","T. Wynyard","F",7,1,1,0,0,0,0,1,0,1,0,0,0,0,2,2,FALSE,"400910650"
"250","I. Humphries","F",3,0,0,0,0,0,0,0,1,1,1,0,0,0,0,0,FALSE,"400910650"
"251","D. Willis","F",18,1,3,0,1,0,0,0,5,5,0,1,0,0,3,2,FALSE,"400910650"
"252","D. Fox","G",25,5,11,0,1,9,10,0,3,3,0,0,0,3,4,19,FALSE,"400910650"
"253","M. Mulder","G",16,3,6,2,5,0,0,1,0,1,0,1,0,0,0,8,FALSE,"400910650"
"254","W. Gabriel","F",31,7,11,3,6,6,7,3,5,8,2,0,0,1,5,23,TRUE,"400910698"
"255","B. Adebayo","F",24,2,3,0,0,4,6,3,6,9,0,0,1,1,4,8,TRUE,"400910698"
"256","M. Monk","G",36,8,15,4,8,3,4,0,0,0,2,2,0,2,0,23,TRUE,"400910698"
"257","D. Fox","G",33,7,13,1,2,1,1,0,4,4,6,3,0,3,2,16,TRUE,"400910698"
"258","I. Briscoe","G",33,4,9,1,3,5,6,1,5,6,3,1,0,3,1,14,TRUE,"400910698"
"259","T. Wynyard","F",1,0,0,0,0,0,0,0,0,0,0,0,0,0,0,0,FALSE,"400910698"
"260","I. Humphries","F",8,1,1,0,0,0,0,2,2,4,0,0,1,1,4,2,FALSE,"400910698"
"261","D. Willis","F",14,0,4,0,3,2,2,1,3,4,1,0,0,1,0,2,FALSE,"400910698"
"262","M. Mulder","G",5,0,2,0,2,0,0,0,0,0,0,1,0,1,0,0,FALSE,"400910698"
"263","D. Hawkins","G",15,2,5,0,1,0,0,3,1,4,2,1,0,0,1,4,FALSE,"400910698"
"264","W. Gabriel","F",29,1,3,0,1,0,0,2,4,6,0,0,3,1,4,2,TRUE,"400910562"
"265","B. Adebayo","F",28,5,9,0,0,4,4,3,4,7,0,0,2,2,5,14,TRUE,"400910562"
"266","M. Monk","G",33,6,15,2,6,3,4,0,1,1,1,2,1,0,3,17,TRUE,"400910562"
"267","D. Fox","G",30,3,12,0,2,1,1,1,0,1,3,2,0,2,4,7,TRUE,"400910562"
"268","I. Briscoe","G",35,5,11,0,1,1,7,1,10,11,4,1,0,4,1,11,TRUE,"400910562"
"269","I. Humphries","F",8,2,3,0,0,0,0,1,1,2,0,0,0,0,4,4,FALSE,"400910562"
"270","D. Willis","F",12,2,3,1,2,0,0,1,3,4,1,0,0,0,0,5,FALSE,"400910562"
"271","M. Mulder","G",11,1,3,0,1,0,0,1,1,2,0,0,0,2,2,2,FALSE,"400910562"
"272","D. Hawkins","G",14,2,3,0,1,1,2,0,0,0,3,2,0,0,4,5,FALSE,"400910562"
"273","W. Gabriel","F",10,0,2,0,1,0,0,0,2,2,0,0,2,0,1,0,TRUE,"400910699"
"274","B. Adebayo","F",33,3,5,0,0,1,2,5,7,12,0,0,1,3,2,7,TRUE,"400910699"
"275","M. Monk","G",33,7,18,4,7,2,2,0,8,8,2,0,1,2,1,20,TRUE,"400910699"
"276","D. Fox","G",32,5,13,0,2,3,5,0,3,3,6,2,1,0,5,13,TRUE,"400910699"
"277","I. Briscoe","G",22,6,10,0,2,0,1,1,3,4,6,2,1,1,3,12,TRUE,"400910699"
"278","I. Humphries","F",8,1,2,0,0,0,0,0,2,2,0,0,0,0,0,2,FALSE,"400910699"
"279","D. Willis","F",28,6,10,4,7,0,0,1,2,3,1,2,0,0,2,16,FALSE,"400910699"
"280","B. Calipari","G",2,0,0,0,0,0,0,0,0,0,0,0,0,0,0,0,FALSE,"400910699"
"281","M. Mulder","G",8,1,3,1,2,0,0,0,4,4,0,0,0,0,2,3,FALSE,"400910699"
"282","D. Hawkins","G",24,3,6,2,4,2,2,2,2,4,2,0,0,1,1,10,FALSE,"400910699"
"283","W. Gabriel","F",10,1,2,1,2,0,0,1,0,1,0,0,0,0,3,3,TRUE,"400910677"
"284","B. Adebayo","F",36,5,8,0,0,3,4,2,6,8,1,1,2,3,2,13,TRUE,"400910677"
"285","M. Monk","G",36,3,11,1,5,9,11,0,2,2,5,3,0,1,1,16,TRUE,"400910677"
"286","D. Fox","G",25,4,14,0,2,8,10,1,4,5,5,0,0,4,3,16,TRUE,"400910677"
"287","I. Briscoe","G",24,4,12,0,3,1,1,3,3,6,2,0,0,4,5,9,TRUE,"400910677"
"288","I. Humphries","F",4,0,0,0,0,0,0,0,0,0,0,0,0,0,1,0,FALSE,"400910677"
"289","D. Willis","F",30,3,3,1,1,0,0,4,8,12,0,1,0,2,1,7,FALSE,"400910677"
"290","M. Mulder","G",14,3,6,3,6,0,0,1,1,2,0,0,0,0,0,9,FALSE,"400910677"
"291","D. Hawkins","G",21,3,5,1,2,2,2,0,0,0,0,2,0,0,5,9,FALSE,"400910677"
"292","W. Gabriel","F",20,2,5,2,4,0,0,0,5,5,0,0,1,3,3,6,TRUE,"400910700"
"293","B. Adebayo","F",35,6,9,0,0,10,13,4,11,15,0,0,3,3,1,22,TRUE,"400910700"
"294","M. Monk","G",38,4,12,1,5,2,2,0,3,3,3,0,0,3,3,11,TRUE,"400910700"
"295","D. Fox","G",34,4,10,1,2,4,6,1,4,5,4,0,0,2,2,13,TRUE,"400910700"
"296","I. Briscoe","G",23,4,6,0,2,1,3,3,2,5,3,0,1,6,5,9,TRUE,"400910700"
"297","I. Humphries","F",6,1,3,0,0,0,0,0,0,0,0,0,0,0,0,2,FALSE,"400910700"
"298","D. Willis","F",16,2,5,0,3,0,0,0,1,1,0,0,0,0,3,4,FALSE,"400910700"
"299","M. Mulder","G",9,1,1,1,1,0,0,0,2,2,0,1,0,0,1,3,FALSE,"400910700"
"300","D. Hawkins","G",19,0,1,0,1,2,4,0,1,1,0,1,0,0,3,2,FALSE,"400910700"
"301","W. Gabriel","F",19,0,1,0,1,2,2,0,3,3,1,0,0,1,0,2,TRUE,"400910655"
"302","B. Adebayo","F",35,7,11,0,0,4,5,6,9,15,0,0,1,0,2,18,TRUE,"400910655"
"303","M. Monk","G",33,9,18,5,7,10,11,1,3,4,5,0,0,6,2,33,TRUE,"400910655"
"304","M. Mulder","G",21,1,6,0,3,2,2,0,0,0,1,0,1,2,1,4,TRUE,"400910655"
"305","I. Briscoe","G",26,3,6,0,0,3,5,1,7,8,2,0,0,2,4,9,TRUE,"400910655"
"306","I. Humphries","F",4,1,1,0,0,0,0,0,0,0,0,0,0,0,0,2,FALSE,"400910655"
"307","D. Willis","F",25,2,4,1,3,0,0,0,9,9,0,1,0,2,1,5,FALSE,"400910655"
"308","D. Hawkins","G",37,1,6,0,0,1,2,3,3,6,4,2,0,1,3,3,FALSE,"400910655"
"309","B. Adebayo","F",37,4,6,0,0,8,10,1,5,6,0,2,1,2,4,16,TRUE,"400910701"
"310","D. Willis","F",28,1,4,1,4,0,2,0,8,8,1,0,3,0,3,3,TRUE,"400910701"
"311","M. Mulder","G",7,2,3,1,2,0,0,0,0,0,0,1,0,0,1,5,TRUE,"400910701"
"312","I. Briscoe","G",31,3,6,0,1,1,2,3,4,7,6,0,0,0,2,7,TRUE,"400910701"
"313","D. Hawkins","G",21,1,3,0,1,0,0,0,2,2,1,1,0,1,1,2,TRUE,"400910701"
"314","W. Gabriel","F",12,0,3,0,2,0,0,0,0,0,0,0,0,0,0,0,FALSE,"400910701"
"315","I. Humphries","F",3,0,0,0,0,0,0,1,1,2,0,0,0,0,0,0,FALSE,"400910701"
"316","M. Monk","G",35,8,21,2,6,9,10,1,1,2,1,0,0,3,1,27,FALSE,"400910701"
"317","D. Fox","G",26,5,9,1,1,2,2,0,4,4,1,0,0,5,1,13,FALSE,"400910701"
"318","B. Adebayo","F",36,6,7,0,0,1,3,4,4,8,1,0,2,1,2,13,TRUE,"400910702"
"319","D. Willis","F",25,4,7,3,6,0,0,2,4,6,0,1,3,1,4,11,TRUE,"400910702"
"320","M. Monk","G",35,2,10,0,4,2,2,0,5,5,3,1,0,1,1,6,TRUE,"400910702"
"321","D. Fox","G",25,6,13,2,4,5,5,0,3,3,1,0,0,1,3,19,TRUE,"400910702"
"322","I. Briscoe","G",32,3,8,0,2,1,4,1,5,6,8,0,0,1,2,7,TRUE,"400910702"
"323","W. Gabriel","F",15,0,2,0,0,2,3,1,5,6,0,0,0,0,3,2,FALSE,"400910702"
"324","I. Humphries","F",4,1,1,0,0,0,0,0,1,1,0,0,0,0,0,2,FALSE,"400910702"
"325","M. Mulder","G",10,1,5,1,5,0,0,0,0,0,1,0,0,0,2,3,FALSE,"400910702"
"326","D. Hawkins","G",18,3,6,1,3,1,1,0,0,0,3,2,0,1,4,8,FALSE,"400910702"
"327","B. Adebayo","F",35,4,9,0,0,5,7,4,6,10,1,0,1,2,3,13,TRUE,"400945810"
"328","D. Willis","F",32,2,6,2,6,1,2,1,10,11,0,0,4,1,5,7,TRUE,"400945810"
"329","M. Monk","G",26,1,7,0,1,0,2,0,2,2,1,1,0,2,3,2,TRUE,"400945810"
"330","D. Fox","G",27,7,12,1,2,5,8,2,1,3,4,1,0,2,4,20,TRUE,"400945810"
"331","I. Briscoe","G",34,8,15,1,2,3,6,2,4,6,2,2,0,2,3,20,TRUE,"400945810"
"332","W. Gabriel","F",8,0,2,0,0,0,0,1,2,3,0,0,1,0,1,0,FALSE,"400945810"
"333","I. Humphries","F",5,0,0,0,0,0,0,1,1,2,0,0,0,1,1,0,FALSE,"400945810"
"334","M. Mulder","G",10,1,2,1,2,1,2,0,1,1,0,0,0,0,0,4,FALSE,"400945810"
"335","D. Hawkins","G",23,0,7,0,2,5,6,1,1,2,1,2,0,0,2,5,FALSE,"400945810"
"336","B. Adebayo","F",39,3,4,0,0,4,6,2,7,9,0,3,1,1,4,10,TRUE,"400946209"
"337","D. Willis","F",20,2,5,2,3,0,0,1,1,2,1,0,1,0,2,6,TRUE,"400946209"
"338","M. Monk","G",35,6,14,2,5,6,10,0,4,4,2,0,0,3,2,20,TRUE,"400946209"
"339","D. Fox","G",35,8,12,1,2,11,15,0,5,5,2,2,0,5,2,28,TRUE,"400946209"
"340","I. Briscoe","G",18,1,3,0,1,4,5,1,0,1,3,1,0,1,4,6,TRUE,"400946209"
"341","W. Gabriel","F",17,1,2,0,1,0,1,1,3,4,1,0,0,1,1,2,FALSE,"400946209"
"342","I. Humphries","F",1,0,0,0,0,0,0,0,1,1,0,0,0,1,0,0,FALSE,"400946209"
"343","M. Mulder","G",6,0,1,0,1,0,0,0,0,0,0,0,0,0,1,0,FALSE,"400946209"
"344","D. Hawkins","G",29,2,3,1,1,2,2,0,0,0,1,1,0,0,4,7,FALSE,"400946209"
"345","B. Adebayo","F",31,5,8,0,0,7,8,4,5,9,0,0,1,3,2,17,TRUE,"400946306"
"346","D. Willis","F",26,2,2,1,1,0,0,1,8,9,0,0,2,1,3,5,TRUE,"400946306"
"347","M. Monk","G",31,5,12,1,5,6,6,0,0,0,3,0,1,1,2,17,TRUE,"400946306"
"348","D. Fox","G",26,6,10,1,1,5,7,2,1,3,2,2,0,2,3,18,TRUE,"400946306"
"349","I. Briscoe","G",32,2,9,0,1,0,0,0,4,4,3,0,0,4,1,4,TRUE,"400946306"
"350","W. Gabriel","F",8,0,1,0,0,2,2,2,1,3,0,0,0,1,1,2,FALSE,"400946306"
"351","I. Humphries","F",8,1,1,0,0,0,0,0,1,1,0,0,0,0,1,2,FALSE,"400946306"
"352","B. Calipari","G",1,0,0,0,0,0,0,0,0,0,0,0,0,0,0,0,FALSE,"400946306"
"353","M. Mulder","G",10,1,4,1,3,0,0,0,3,3,0,0,0,0,1,3,FALSE,"400946306"
"354","D. Hawkins","G",27,5,9,2,5,2,2,0,2,2,2,4,0,1,1,14,FALSE,"400946306"
"355","B. Adebayo","F",37,5,9,0,0,5,6,6,12,18,1,0,1,3,2,15,TRUE,"400946447"
"356","D. Willis","F",29,2,7,2,6,2,2,1,6,7,3,2,3,0,4,8,TRUE,"400946447"
"357","M. Monk","G",34,3,11,0,6,6,7,0,2,2,2,0,1,0,1,12,TRUE,"400946447"
"358","D. Fox","G",34,8,15,0,1,3,4,2,0,2,3,1,2,6,2,19,TRUE,"400946447"
"359","I. Briscoe","G",31,7,11,0,0,3,5,0,8,8,2,2,2,1,1,17,TRUE,"400946447"
"360","W. Gabriel","F",9,0,3,0,1,1,2,0,1,1,0,0,0,1,1,1,FALSE,"400946447"
"361","I. Humphries","F",2,0,1,0,0,0,0,0,0,0,0,0,0,0,1,0,FALSE,"400946447"
"362","M. Mulder","G",4,0,1,0,1,0,0,0,1,1,1,0,0,0,0,0,FALSE,"400946447"
"363","D. Hawkins","G",20,2,3,1,2,2,2,0,2,2,0,0,0,0,3,7,FALSE,"400946447"
"364","B. Adebayo","F",31,6,11,0,0,1,4,4,6,10,1,1,1,0,1,13,TRUE,"400947227"
"365","D. Willis","F",33,3,6,2,5,1,2,0,8,8,1,3,1,0,3,9,TRUE,"400947227"
"366","M. Monk","G",29,3,10,2,5,6,6,0,2,2,4,0,2,1,1,14,TRUE,"400947227"
"367","D. Fox","G",31,5,13,0,1,4,6,0,2,2,1,2,0,2,3,14,TRUE,"400947227"
"368","I. Briscoe","G",27,2,3,1,2,0,0,0,4,4,2,0,0,3,1,5,TRUE,"400947227"
"369","W. Gabriel","F",7,0,5,0,1,0,0,0,2,2,0,0,0,0,0,0,FALSE,"400947227"
"370","I. Humphries","F",9,0,1,0,0,0,0,1,1,2,0,0,0,1,0,0,FALSE,"400947227"
"371","M. Mulder","G",10,1,2,1,2,0,0,1,0,1,2,0,1,0,0,3,FALSE,"400947227"
"372","D. Hawkins","G",23,3,4,1,2,0,0,0,0,0,0,0,0,0,2,7,FALSE,"400947227"
"373","B. Adebayo","F",37,1,3,0,0,0,0,0,4,4,5,0,1,2,0,2,TRUE,"400947330"
"374","D. Willis","F",25,3,11,2,7,0,0,3,5,8,4,0,1,0,3,8,TRUE,"400947330"
"375","M. Monk","G",32,8,17,4,9,1,2,0,3,3,1,1,2,1,3,21,TRUE,"400947330"
"376","D. Fox","G",36,13,20,0,1,13,15,1,2,3,4,2,0,1,2,39,TRUE,"400947330"
"377","I. Briscoe","G",35,2,7,1,2,0,0,3,4,7,4,0,0,0,3,5,TRUE,"400947330"
"378","W. Gabriel","F",6,0,0,0,0,0,0,0,1,1,0,0,1,1,2,0,FALSE,"400947330"
"379","I. Humphries","F",7,0,0,0,0,0,0,1,0,1,0,1,0,0,1,0,FALSE,"400947330"
"380","M. Mulder","G",5,0,0,0,0,0,0,0,0,0,0,0,0,0,0,0,FALSE,"400947330"
"381","D. Hawkins","G",17,4,5,3,4,0,0,0,0,0,0,1,0,1,3,11,FALSE,"400947330"
"382","B. Adebayo","F",34,4,10,0,0,5,6,3,4,7,2,1,1,2,2,13,TRUE,"400948726"
"383","D. Willis","F",21,3,6,0,3,0,0,0,6,6,2,0,0,1,4,6,TRUE,"400948726"
"384","M. Monk","G",30,4,10,3,6,1,2,1,1,2,0,0,1,1,4,12,TRUE,"400948726"
"385","D. Fox","G",28,5,14,2,4,1,2,1,3,4,3,2,0,1,4,13,TRUE,"400948726"
"386","I. Briscoe","G",34,3,7,0,0,1,4,1,3,4,8,3,0,3,1,7,TRUE,"400948726"
"387","W. Gabriel","F",4,0,0,0,0,0,0,1,0,1,0,0,0,0,1,0,FALSE,"400948726"
"388","I. Humphries","F",21,5,8,0,0,2,2,2,3,5,1,1,0,0,1,12,FALSE,"400948726"
"389","M. Mulder","G",6,0,5,0,3,0,0,0,1,1,0,0,0,0,0,0,FALSE,"400948726"
"390","D. Hawkins","G",22,3,5,2,3,2,3,1,2,3,0,0,0,1,2,10,FALSE,"400948726"
