"","player","position","MIN","FGM","FGA","3PTM","3PTA","FTM","FTA","OREB","DREB","REB","AST","STL","BLK","TO","PF","PTS","GP","GS"
"1","A. Hagans","G",33.1333333333333,3.56666666666667,8.83333333333333,0.533333333333333,2.06666666666667,3.83333333333333,4.73333333333333,0.233333333333333,3.66666666666667,3.9,6.36666666666667,1.93333333333333,0.2,3.43333333333333,2.6,11.5,30,29
"2","B. Canada","F",0.75,0,0,0,0,0,0,0,0,0,0,0,0,0.25,0,0,4,0
"3","B. Jordan","F",0.5,0,0.5,0,0,0,0,0,0,0,0,0,0,0,0,0,2,0
"4","EJ Montgomery","F",24.0714285714286,2.53571428571429,4.89285714285714,0.0357142857142857,0.214285714285714,1,1.5,1.75,3.64285714285714,5.39285714285714,0.607142857142857,0.428571428571429,1.10714285714286,1.03571428571429,2.78571428571429,6.10714285714286,28,25
"5","I. Quickley","G",32.9666666666667,4.6,11.0666666666667,2.06666666666667,4.83333333333333,4.8,5.2,0.533333333333333,3.66666666666667,4.2,1.86666666666667,0.9,0.133333333333333,1.6,2.33333333333333,16.0666666666667,30,20
"6","J. Juzang","G",12.2857142857143,1.03571428571429,2.75,0.5,1.53571428571429,0.357142857142857,0.428571428571429,0.464285714285714,1.46428571428571,1.92857142857143,0.321428571428571,0.178571428571429,0.0714285714285714,0.535714285714286,1,2.92857142857143,28,2
"7","K. Brooks","F",18,2.5,5,0,1,0.5,3,2,3,5,0,0,0,2,1.5,5.5,2,0
"8","K. Brooks Jr.","F",14.9310344827586,1.82758620689655,3.89655172413793,0.172413793103448,0.586206896551724,0.551724137931034,0.724137931034483,0.931034482758621,2.13793103448276,3.06896551724138,0.206896551724138,0.379310344827586,0.448275862068966,0.724137931034483,1.48275862068966,4.37931034482759,29,6
"9","K. Whitney","F",12.7777777777778,1.27777777777778,3.44444444444444,0.222222222222222,0.888888888888889,0.555555555555556,1.27777777777778,0.777777777777778,0.944444444444444,1.72222222222222,0.444444444444444,0.277777777777778,0.166666666666667,0.833333333333333,1.27777777777778,3.33333333333333,18,8
"10","N. Richards","F",29.6451612903226,5.25806451612903,8.16129032258065,0,0,3.51612903225806,4.67741935483871,2.61290322580645,5.16129032258065,7.7741935483871,0.225806451612903,0.0967741935483871,2.12903225806452,1.58064516129032,3.16129032258065,14.0322580645161,31,30
"11","N. Sestina","F",19.7857142857143,2,4.32142857142857,0.785714285714286,1.92857142857143,0.964285714285714,1.28571428571429,1.42857142857143,2.35714285714286,3.78571428571429,0.821428571428571,0.428571428571429,0.571428571428571,0.714285714285714,2.60714285714286,5.75,28,7
"12","R. Welch","G",0.75,0,0.25,0,0,0,0,0,0,0,0,0.5,0,0,0,0,4,0
"13","T. Maxey","G",34.4516129032258,4.83870967741935,11.3225806451613,1.06451612903226,3.64516129032258,3.2258064516129,3.87096774193548,0.387096774193548,3.90322580645161,4.29032258064516,3.16129032258065,0.870967741935484,0.387096774193548,2.16129032258065,2.38709677419355,13.9677419354839,31,28
