"","player","position","MIN","FGM","FGA","3PTM","3PTA","FTM","FTA","OREB","DREB","REB","AST","STL","BLK","TO","PF","PTS","starter","game_id"
"1","O. Tshiebwe","F",29,4,9,0,0,0,3,4,9,13,0,2,1,2,2,8,TRUE,"401364844"
"2","K. Brooks Jr.","F",14,0,3,0,1,2,2,1,2,3,0,0,1,0,1,2,TRUE,"401364844"
"3","T. Washington Jr.","G",33,2,9,1,3,0,0,2,4,6,4,1,1,2,2,5,TRUE,"401364844"
"4","S. Wheeler","G",4,0,1,0,0,0,0,0,1,1,1,0,0,1,0,0,TRUE,"401364844"
"5","K. Grady","G",39,4,13,4,12,1,2,0,1,1,2,2,0,2,1,13,TRUE,"401364844"
"6","D. Collins","F",9,0,0,0,0,0,0,0,0,0,0,0,1,0,1,0,FALSE,"401364844"
"7","J. Toppin","F",27,6,9,0,0,2,3,2,6,8,2,2,1,0,2,14,FALSE,"401364844"
"8","B. Hopkins","F",2,0,1,0,0,0,0,1,0,1,0,0,0,2,1,0,FALSE,"401364844"
"9","L. Ware","F",13,1,1,0,0,0,4,0,3,3,0,1,0,2,2,2,FALSE,"401364844"
"10","D. Allen","G",3,0,0,0,0,0,0,0,0,0,0,0,0,0,2,0,FALSE,"401364844"
"11","D. Mintz","G",27,4,12,3,8,5,6,0,0,0,2,0,1,4,1,16,FALSE,"401364844"
"12","J. Toppin","F",17,1,4,0,0,0,0,0,2,2,0,0,0,1,0,2,TRUE,"401364853"
"13","O. Tshiebwe","F",39,13,20,0,0,3,4,5,12,17,1,1,2,0,4,29,TRUE,"401364853"
"14","K. Brooks Jr.","F",30,6,8,0,0,2,2,0,2,2,1,0,1,0,2,14,TRUE,"401364853"
"15","T. Washington Jr.","G",37,8,13,0,1,1,1,1,4,5,17,2,0,2,2,17,TRUE,"401364853"
"16","K. Grady","G",39,4,13,1,7,0,0,1,1,2,1,2,0,2,2,9,TRUE,"401364853"
"17","B. Hopkins","F",6,0,1,0,0,0,0,0,0,0,1,1,0,1,2,0,FALSE,"401364853"
"18","L. Ware","F",1,1,1,0,0,0,0,0,0,0,0,0,0,0,1,2,FALSE,"401364853"
"19","D. Allen","G",1,0,0,0,0,0,0,0,0,0,0,0,0,0,0,0,FALSE,"401364853"
"20","D. Mintz","G",30,7,10,5,7,0,0,0,0,0,2,0,0,1,3,19,FALSE,"401364853"
"21","O. Tshiebwe","F",34,11,16,0,0,8,10,2,11,13,1,1,0,0,2,30,TRUE,"401364859"
"22","K. Brooks Jr.","F",23,4,7,1,2,0,1,3,2,5,2,1,0,0,3,9,TRUE,"401364859"
"23","T. Washington Jr.","G",37,6,11,1,2,2,4,0,4,4,4,1,1,3,1,15,TRUE,"401364859"
"24","K. Grady","G",35,4,9,1,3,0,0,0,0,0,2,0,0,1,1,9,TRUE,"401364859"
"25","D. Mintz","G",33,3,8,3,5,0,1,1,1,2,2,0,0,2,3,9,TRUE,"401364859"
"26","D. Collins","F",6,0,2,0,0,0,0,0,2,2,0,0,1,1,1,0,FALSE,"401364859"
"27","J. Toppin","F",17,2,4,0,0,0,0,1,4,5,3,0,0,0,1,4,FALSE,"401364859"
"28","B. Hopkins","F",15,1,2,0,0,0,0,1,4,5,1,0,0,1,2,2,FALSE,"401364859"
"29","O. Tshiebwe","F",31,4,8,0,0,1,2,3,9,12,0,3,0,2,2,9,TRUE,"401364871"
"30","K. Brooks Jr.","F",23,3,6,1,1,2,2,0,2,2,2,1,0,1,0,9,TRUE,"401364871"
"31","T. Washington Jr.","G",36,10,13,2,4,6,6,1,1,2,5,3,0,2,1,28,TRUE,"401364871"
"32","S. Wheeler","G",28,8,10,1,2,4,4,0,2,2,8,2,0,3,3,21,TRUE,"401364871"
"33","K. Grady","G",27,5,8,4,7,2,2,0,1,1,1,0,1,2,1,16,TRUE,"401364871"
"34","D. Collins","F",3,0,1,0,0,0,0,0,1,1,0,0,0,0,0,0,FALSE,"401364871"
"35","B. Canada","F",1,0,0,0,0,0,0,0,0,0,0,0,1,0,0,0,FALSE,"401364871"
"36","J. Toppin","F",15,2,3,0,0,3,3,1,0,1,1,0,1,0,1,7,FALSE,"401364871"
"37","B. Hopkins","F",4,1,1,1,1,0,0,0,0,0,0,0,0,0,1,3,FALSE,"401364871"
"38","L. Ware","F",8,1,1,0,0,0,0,0,1,1,0,1,0,1,4,2,FALSE,"401364871"
"39","K. Watkins","G",1,0,0,0,0,0,0,0,0,0,0,0,0,1,0,0,FALSE,"401364871"
"40","D. Allen","G",1,0,0,0,0,0,0,0,0,0,0,0,0,0,0,0,FALSE,"401364871"
"41","Z. Payne","G",1,0,0,0,0,2,2,0,0,0,0,0,0,0,0,2,FALSE,"401364871"
"42","D. Mintz","G",21,4,5,2,3,0,0,0,1,1,2,0,0,0,1,10,FALSE,"401364871"
"43","O. Tshiebwe","F",32,2,5,0,0,4,4,6,8,14,1,3,3,2,3,8,TRUE,"401364877"
"44","K. Brooks Jr.","F",17,2,8,0,1,3,5,1,1,2,1,1,1,1,0,7,TRUE,"401364877"
"45","T. Washington Jr.","G",23,3,10,0,1,2,4,0,4,4,1,1,0,2,3,8,TRUE,"401364877"
"46","S. Wheeler","G",32,5,8,2,2,0,0,0,0,0,4,1,0,8,1,12,TRUE,"401364877"
"47","K. Grady","G",34,2,10,1,9,0,0,1,2,3,1,0,0,1,3,5,TRUE,"401364877"
"48","D. Collins","F",3,1,2,0,0,0,0,0,0,0,0,1,0,0,2,2,FALSE,"401364877"
"49","J. Toppin","F",23,3,6,0,0,3,4,3,3,6,2,1,1,0,2,9,FALSE,"401364877"
"50","B. Hopkins","F",1,0,1,0,0,1,2,1,0,1,0,0,0,0,0,1,FALSE,"401364877"
"51","L. Ware","F",5,1,1,0,0,0,0,0,0,0,0,0,1,0,0,2,FALSE,"401364877"
"52","D. Mintz","G",30,2,7,1,5,5,7,1,7,8,3,0,0,2,1,10,FALSE,"401364877"
"53","O. Tshiebwe","F",38,7,12,0,0,2,2,4,10,14,1,2,4,1,1,16,TRUE,"401364884"
"54","K. Brooks Jr.","F",23,3,8,0,1,0,0,3,1,4,0,1,1,2,4,6,TRUE,"401364884"
"55","T. Washington Jr.","G",9,2,4,0,1,0,0,0,0,0,1,1,0,0,0,4,TRUE,"401364884"
"56","S. Wheeler","G",36,7,12,1,1,2,2,0,0,0,4,0,0,1,3,17,TRUE,"401364884"
"57","K. Grady","G",40,5,9,4,7,3,4,0,2,2,1,2,0,0,2,17,TRUE,"401364884"
"58","J. Toppin","F",18,3,5,0,0,0,1,1,0,1,1,2,0,0,5,6,FALSE,"401364884"
"59","B. Hopkins","F",1,0,1,0,0,0,0,0,0,0,0,0,0,0,1,0,FALSE,"401364884"
"60","L. Ware","F",2,0,0,0,0,0,0,0,0,0,0,0,1,1,0,0,FALSE,"401364884"
"61","D. Allen","G",2,0,0,0,0,0,0,0,0,0,0,0,0,0,2,0,FALSE,"401364884"
"62","D. Mintz","G",31,2,7,0,2,1,1,0,1,1,4,0,0,1,2,5,FALSE,"401364884"
"63","O. Tshiebwe","F",37,7,11,0,0,7,11,7,15,22,1,3,1,4,3,21,TRUE,"401364888"
"64","K. Brooks Jr.","F",30,5,10,0,1,2,2,2,4,6,2,0,1,3,4,12,TRUE,"401364888"
"65","S. Wheeler","G",32,5,10,0,2,5,7,0,0,0,6,1,0,2,3,15,TRUE,"401364888"
"66","K. Grady","G",43,7,16,4,11,0,0,0,2,2,2,0,0,2,2,18,TRUE,"401364888"
"67","D. Mintz","G",36,2,9,0,3,0,0,0,2,2,4,1,0,2,4,4,TRUE,"401364888"
"68","D. Collins","F",1,0,0,0,0,0,0,0,0,0,0,0,0,0,0,0,FALSE,"401364888"
"69","J. Toppin","F",15,1,2,1,1,0,0,0,2,2,0,0,0,1,2,3,FALSE,"401364888"
"70","B. Hopkins","F",5,1,1,0,0,0,0,0,1,1,0,0,1,1,0,2,FALSE,"401364888"
"71","L. Ware","F",8,1,1,0,0,0,0,1,3,4,1,0,0,0,1,2,FALSE,"401364888"
"72","D. Allen","G",18,2,6,1,5,0,0,2,1,3,0,0,1,1,1,5,FALSE,"401364888"
"73","O. Tshiebwe","F",30,8,13,0,0,1,1,3,11,14,1,4,0,3,3,17,TRUE,"401364899"
"74","K. Brooks Jr.","F",29,9,16,0,1,9,10,5,3,8,1,0,0,0,3,27,TRUE,"401364899"
"75","T. Washington Jr.","G",32,1,9,0,4,0,1,0,3,3,5,3,0,1,0,2,TRUE,"401364899"
"76","S. Wheeler","G",34,3,7,1,2,0,0,1,2,3,8,0,0,3,2,7,TRUE,"401364899"
"77","K. Grady","G",37,4,7,4,7,0,1,0,3,3,1,0,0,0,1,12,TRUE,"401364899"
"78","J. Toppin","F",11,4,4,1,1,2,2,1,2,3,0,0,0,1,0,11,FALSE,"401364899"
"79","L. Ware","F",10,2,2,0,0,0,0,1,3,4,0,0,0,1,1,4,FALSE,"401364899"
"80","D. Mintz","G",17,0,3,0,3,0,1,0,1,1,3,0,0,0,1,0,FALSE,"401364899"
"81","O. Tshiebwe","F",34,2,5,0,0,7,13,4,13,17,3,4,1,4,4,11,TRUE,"401364908"
"82","K. Brooks Jr.","F",33,7,15,0,0,6,8,1,3,4,2,0,1,0,2,20,TRUE,"401364908"
"83","T. Washington Jr.","G",19,3,7,0,2,1,1,0,1,1,0,1,0,1,4,7,TRUE,"401364908"
"84","S. Wheeler","G",28,0,8,0,1,3,4,0,1,1,9,1,0,2,2,3,TRUE,"401364908"
"85","K. Grady","G",38,4,9,4,8,0,0,0,1,1,0,0,0,0,2,12,TRUE,"401364908"
"86","J. Toppin","F",6,0,1,0,0,2,2,1,0,1,0,0,1,1,0,2,FALSE,"401364908"
"87","B. Hopkins","F",1,0,1,0,0,0,0,0,0,0,0,0,0,0,0,0,FALSE,"401364908"
"88","L. Ware","F",6,0,0,0,0,1,2,1,0,1,0,0,2,1,2,1,FALSE,"401364908"
"89","D. Allen","G",0,0,0,0,0,0,0,0,0,0,0,0,0,0,0,0,FALSE,"401364908"
"90","D. Mintz","G",35,6,11,4,7,5,5,1,2,3,2,2,0,0,1,21,FALSE,"401364908"
"91","O. Tshiebwe","F",28,4,13,0,0,2,4,5,10,15,1,4,1,3,4,10,TRUE,"401364914"
"92","K. Brooks Jr.","F",27,4,9,0,0,2,4,2,3,5,0,0,0,2,4,10,TRUE,"401364914"
"93","T. Washington Jr.","G",32,6,15,1,5,2,2,0,3,3,2,1,0,3,2,15,TRUE,"401364914"
"94","S. Wheeler","G",34,0,4,0,0,0,0,0,3,3,7,3,0,4,1,0,TRUE,"401364914"
"95","K. Grady","G",35,3,5,2,3,2,3,1,3,4,1,1,0,0,1,10,TRUE,"401364914"
"96","D. Collins","F",9,2,3,0,0,6,6,1,5,6,0,0,0,1,2,10,FALSE,"401364914"
"97","J. Toppin","F",11,1,1,0,0,0,0,0,2,2,1,0,1,0,2,2,FALSE,"401364914"
"98","L. Ware","F",5,1,1,0,0,0,0,0,1,1,0,1,0,0,0,2,FALSE,"401364914"
"99","D. Mintz","G",19,3,9,1,3,0,0,0,2,2,1,2,0,2,0,7,FALSE,"401364914"
"100","O. Tshiebwe","F",30,9,12,0,0,0,1,3,11,14,2,2,3,4,3,18,TRUE,"401364918"
"101","K. Brooks Jr.","F",32,6,9,0,0,3,4,2,7,9,5,0,0,2,2,15,TRUE,"401364918"
"102","T. Washington Jr.","G",26,6,10,1,2,1,2,0,3,3,3,1,0,3,2,14,TRUE,"401364918"
"103","S. Wheeler","G",37,0,5,0,1,4,6,0,4,4,11,1,0,5,3,4,TRUE,"401364918"
"104","K. Grady","G",38,5,10,2,6,0,0,0,3,3,2,1,0,1,1,12,TRUE,"401364918"
"105","D. Collins","F",4,0,1,0,0,0,0,0,0,0,0,0,0,0,1,0,FALSE,"401364918"
"106","J. Toppin","F",6,4,5,0,0,2,2,2,1,3,0,0,0,0,0,10,FALSE,"401364918"
"107","L. Ware","F",8,1,2,0,1,1,2,1,1,2,0,0,1,0,2,3,FALSE,"401364918"
"108","D. Mintz","G",19,3,6,3,5,1,2,0,2,2,2,0,0,1,4,10,FALSE,"401364918"
"109","O. Tshiebwe","F",38,11,18,0,0,5,6,10,9,19,2,3,0,2,1,27,TRUE,"401364929"
"110","K. Brooks Jr.","F",25,1,4,0,0,0,0,1,0,1,2,3,0,3,2,2,TRUE,"401364929"
"111","T. Washington Jr.","G",26,4,13,2,7,0,1,0,5,5,6,1,0,0,0,10,TRUE,"401364929"
"112","S. Wheeler","G",27,4,7,1,2,0,0,1,2,3,6,0,0,0,3,9,TRUE,"401364929"
"113","K. Grady","G",39,5,13,4,11,1,1,1,1,2,0,0,0,0,0,15,TRUE,"401364929"
"114","D. Collins","F",1,0,0,0,0,0,0,0,0,0,0,0,0,0,1,0,FALSE,"401364929"
"115","B. Hopkins","F",2,0,0,0,0,0,0,0,0,0,0,0,0,0,0,0,FALSE,"401364929"
"116","L. Ware","F",14,2,3,0,0,0,1,4,3,7,0,0,0,0,2,4,FALSE,"401364929"
"117","D. Mintz","G",28,4,9,3,7,0,0,0,2,2,1,0,0,0,0,11,FALSE,"401364929"
"118","O. Tshiebwe","F",30,5,15,0,0,3,3,7,8,15,0,2,1,2,3,13,TRUE,"401364934"
"119","K. Brooks Jr.","F",22,1,6,0,1,6,6,0,3,3,1,3,0,0,0,8,TRUE,"401364934"
"120","T. Washington Jr.","G",13,1,2,1,2,1,2,0,0,0,3,0,0,3,0,4,TRUE,"401364934"
"121","S. Wheeler","G",36,4,10,0,0,0,0,1,3,4,5,1,0,3,4,8,TRUE,"401364934"
"122","K. Grady","G",37,2,9,2,6,0,0,1,2,3,2,0,0,2,3,6,TRUE,"401364934"
"123","D. Collins","F",4,0,1,0,0,0,0,0,0,0,0,0,0,0,0,0,FALSE,"401364934"
"124","J. Toppin","F",20,5,9,0,1,1,2,3,3,6,0,0,0,1,2,11,FALSE,"401364934"
"125","B. Hopkins","F",1,0,1,0,0,0,0,1,0,1,0,0,0,0,1,0,FALSE,"401364934"
"126","L. Ware","F",6,1,2,0,0,0,0,1,2,3,0,0,0,0,0,2,FALSE,"401364934"
"127","D. Allen","G",0,0,0,0,0,0,0,0,0,0,0,0,0,0,1,0,FALSE,"401364934"
"128","D. Mintz","G",31,4,12,2,6,1,1,2,1,3,0,0,0,1,4,11,FALSE,"401364934"
"129","J. Toppin","F",40,5,9,1,2,2,2,2,4,6,3,0,0,0,2,13,TRUE,"401364938"
"130","O. Tshiebwe","F",36,9,13,0,0,3,5,6,8,14,3,1,1,2,1,21,TRUE,"401364938"
"131","K. Brooks Jr.","F",37,7,12,1,1,3,4,4,4,8,2,2,2,2,2,18,TRUE,"401364938"
"132","K. Grady","G",39,9,16,7,9,0,0,0,3,3,3,1,0,2,2,25,TRUE,"401364938"
"133","D. Mintz","G",39,2,9,0,2,3,4,0,1,1,2,3,0,0,0,7,TRUE,"401364938"
"134","D. Collins","F",4,1,2,0,0,4,4,2,0,2,0,0,0,0,0,6,FALSE,"401364938"
"135","B. Hopkins","F",2,0,1,0,0,0,0,1,1,2,0,0,0,0,0,0,FALSE,"401364938"
"136","L. Ware","F",1,0,0,0,0,0,0,0,0,0,0,0,0,1,0,0,FALSE,"401364938"
"137","D. Allen","G",2,0,0,0,0,0,0,0,0,0,0,0,0,0,0,0,FALSE,"401364938"
"138","J. Toppin","F",39,2,7,1,2,3,4,1,5,6,0,1,1,0,1,8,TRUE,"401364951"
"139","O. Tshiebwe","F",38,5,7,0,0,7,11,6,10,16,0,0,3,0,3,17,TRUE,"401364951"
"140","K. Brooks Jr.","F",21,2,5,0,0,2,2,0,1,1,0,0,1,3,3,6,TRUE,"401364951"
"141","K. Grady","G",40,5,13,0,5,3,3,0,3,3,3,1,0,3,1,13,TRUE,"401364951"
"142","D. Mintz","G",38,4,10,1,4,4,4,2,0,2,0,2,0,2,4,13,TRUE,"401364951"
"143","D. Collins","F",2,0,0,0,0,0,0,0,0,0,0,0,0,1,1,0,FALSE,"401364951"
"144","B. Hopkins","F",16,5,6,0,1,3,6,2,2,4,0,0,0,1,0,13,FALSE,"401364951"
"145","L. Ware","F",4,0,0,0,0,1,2,0,0,0,0,0,0,1,1,1,FALSE,"401364951"
"146","D. Allen","G",2,0,1,0,0,0,0,0,0,0,0,0,0,0,0,0,FALSE,"401364951"
"147","J. Toppin","F",12,1,2,0,1,0,0,0,0,0,2,0,0,1,2,2,TRUE,"401364953"
"148","O. Tshiebwe","F",39,13,21,0,0,4,7,8,10,18,2,1,3,0,3,30,TRUE,"401364953"
"149","K. Brooks Jr.","F",32,7,13,0,1,0,0,1,4,5,1,2,0,3,2,14,TRUE,"401364953"
"150","K. Grady","G",30,1,3,1,2,0,0,1,2,3,1,1,0,2,4,3,TRUE,"401364953"
"151","D. Mintz","G",19,0,2,0,2,0,0,0,1,1,2,1,0,2,2,0,TRUE,"401364953"
"152","D. Collins","F",0,0,0,0,0,0,0,0,0,0,0,0,0,0,0,0,FALSE,"401364953"
"153","B. Hopkins","F",3,0,0,0,0,0,0,0,0,0,0,0,0,0,0,0,FALSE,"401364953"
"154","L. Ware","F",1,0,0,0,0,0,0,0,1,1,0,0,0,0,0,0,FALSE,"401364953"
"155","T. Washington Jr.","G",35,3,12,1,4,3,4,1,0,1,3,2,0,0,2,10,FALSE,"401364953"
"156","S. Wheeler","G",29,5,13,2,4,2,2,2,1,3,5,0,0,3,2,14,FALSE,"401364953"
"157","O. Tshiebwe","F",34,9,12,0,0,0,0,4,11,15,1,2,0,3,3,18,TRUE,"401364960"
"158","K. Brooks Jr.","F",22,4,5,0,0,2,2,1,4,5,2,1,0,1,3,10,TRUE,"401364960"
"159","S. Wheeler","G",35,6,9,2,3,2,2,0,3,3,7,0,0,2,1,16,TRUE,"401364960"
"160","K. Grady","G",30,3,8,1,4,2,2,0,0,0,1,0,0,0,0,9,TRUE,"401364960"
"161","D. Mintz","G",24,3,5,2,4,0,0,0,0,0,2,1,0,0,1,8,TRUE,"401364960"
"162","D. Collins","F",5,0,0,0,0,1,2,0,1,1,0,0,1,1,0,1,FALSE,"401364960"
"163","J. Toppin","F",21,3,5,0,0,1,2,0,1,1,1,0,0,0,1,7,FALSE,"401364960"
"164","L. Ware","F",5,0,1,0,0,0,0,0,1,1,0,0,0,0,1,0,FALSE,"401364960"
"165","T. Washington Jr.","G",24,5,10,1,3,3,5,1,0,1,4,3,0,1,1,14,FALSE,"401364960"
"166","O. Tshiebwe","F",36,11,16,0,0,5,5,3,11,14,0,3,2,2,3,27,TRUE,"401364968"
"167","K. Brooks Jr.","F",14,1,2,0,0,0,0,0,2,2,0,0,0,1,1,2,TRUE,"401364968"
"168","T. Washington Jr.","G",26,1,6,0,2,4,4,1,3,4,5,1,0,1,0,6,TRUE,"401364968"
"169","S. Wheeler","G",30,6,10,1,3,0,2,0,2,2,5,2,0,3,3,13,TRUE,"401364968"
"170","K. Grady","G",37,5,8,1,3,0,0,0,2,2,3,1,0,0,2,11,TRUE,"401364968"
"171","J. Toppin","F",26,1,4,0,0,0,1,1,6,7,1,0,0,1,0,2,FALSE,"401364968"
"172","B. Hopkins","F",3,0,1,0,0,0,0,0,0,0,0,0,0,0,0,0,FALSE,"401364968"
"173","L. Ware","F",3,0,0,0,0,0,0,0,0,0,0,0,0,0,3,0,FALSE,"401364968"
"174","D. Mintz","G",25,3,9,2,7,2,4,1,2,3,0,0,0,1,2,10,FALSE,"401364968"
"175","O. Tshiebwe","F",38,5,9,0,0,2,2,5,9,14,1,0,5,2,0,12,TRUE,"401408159"
"176","K. Brooks Jr.","F",14,2,6,0,1,0,0,2,1,3,0,0,0,0,3,4,TRUE,"401408159"
"177","T. Washington Jr.","G",32,8,17,4,5,5,6,0,3,3,1,1,0,2,2,25,TRUE,"401408159"
"178","S. Wheeler","G",37,4,13,0,2,0,0,1,5,6,11,0,0,4,2,8,TRUE,"401408159"
"179","K. Grady","G",23,3,5,2,3,0,0,0,0,0,1,0,0,2,3,8,TRUE,"401408159"
"180","D. Collins","F",3,0,0,0,0,0,0,0,2,2,0,0,0,0,0,0,FALSE,"401408159"
"181","J. Toppin","F",20,5,6,0,1,0,0,0,2,2,1,0,3,1,1,10,FALSE,"401408159"
"182","B. Hopkins","F",1,0,0,0,0,0,0,0,0,0,0,0,0,0,0,0,FALSE,"401408159"
"183","L. Ware","F",4,0,0,0,0,0,0,0,3,3,1,2,0,0,1,0,FALSE,"401408159"
"184","D. Mintz","G",28,3,5,1,3,3,5,0,0,0,5,1,1,1,3,10,FALSE,"401408159"
"185","O. Tshiebwe","F",24,5,10,0,0,3,7,4,7,11,0,0,2,2,5,13,TRUE,"401408161"
"186","K. Brooks Jr.","F",28,7,11,1,3,4,4,3,2,5,0,1,0,3,4,19,TRUE,"401408161"
"187","T. Washington Jr.","G",37,6,16,1,7,4,5,0,6,6,4,3,1,2,2,17,TRUE,"401408161"
"188","S. Wheeler","G",35,3,11,0,2,4,4,1,5,6,3,1,1,1,1,10,TRUE,"401408161"
"189","K. Grady","G",27,1,8,0,5,0,0,0,2,2,0,1,0,0,2,2,TRUE,"401408161"
"190","J. Toppin","F",12,0,2,0,0,0,0,1,1,2,0,0,0,1,1,0,FALSE,"401408161"
"191","L. Ware","F",16,0,0,0,0,0,0,3,3,6,0,0,0,0,2,0,FALSE,"401408161"
"192","D. Allen","G",1,0,0,0,0,0,0,0,0,0,0,0,0,0,0,0,FALSE,"401408161"
"193","D. Mintz","G",20,0,6,0,3,1,2,1,0,1,1,0,1,0,1,1,FALSE,"401408161"
"194","O. Tshiebwe","F",43,11,16,0,0,8,12,6,10,16,2,2,2,3,3,30,TRUE,"401408578"
"195","K. Brooks Jr.","F",29,2,7,0,1,4,5,2,1,3,2,2,2,0,2,8,TRUE,"401408578"
"196","T. Washington Jr.","G",32,2,10,1,2,0,0,1,1,2,1,0,0,2,3,5,TRUE,"401408578"
"197","S. Wheeler","G",39,4,8,1,2,2,5,0,4,4,6,0,0,6,4,11,TRUE,"401408578"
"198","K. Grady","G",40,1,9,1,7,5,6,1,4,5,4,1,0,0,0,8,TRUE,"401408578"
"199","J. Toppin","F",16,3,3,0,0,3,4,0,1,1,1,0,1,1,0,9,FALSE,"401408578"
"200","L. Ware","F",2,0,1,0,0,0,0,0,0,0,0,0,1,0,0,0,FALSE,"401408578"
"201","D. Mintz","G",24,3,7,1,3,1,3,2,1,3,2,1,0,0,5,8,FALSE,"401408578"
"202","O. Tshiebwe","F",29,8,14,0,0,1,1,12,8,20,1,1,2,2,3,17,TRUE,"401369850"
"203","K. Brooks Jr.","F",17,4,10,1,3,0,0,1,2,3,0,0,0,2,2,9,TRUE,"401369850"
"204","T. Washington Jr.","G",28,3,14,0,2,3,4,0,1,1,3,1,0,0,2,9,TRUE,"401369850"
"205","S. Wheeler","G",38,6,15,2,3,2,2,0,3,3,10,1,0,7,3,16,TRUE,"401369850"
"206","K. Grady","G",31,3,8,3,7,0,0,0,2,2,0,1,0,0,0,9,TRUE,"401369850"
"207","D. Collins","F",2,0,0,0,0,0,0,0,0,0,0,0,0,1,1,0,FALSE,"401369850"
"208","J. Toppin","F",23,2,6,0,0,0,0,2,4,6,1,0,0,0,4,4,FALSE,"401369850"
"209","B. Hopkins","F",2,0,1,0,0,0,0,0,0,0,0,0,0,0,0,0,FALSE,"401369850"
"210","L. Ware","F",9,1,2,0,0,0,0,1,1,2,0,0,1,1,2,2,FALSE,"401369850"
"211","D. Mintz","G",21,2,7,1,3,0,0,0,1,1,0,0,0,0,3,5,FALSE,"401369850"
"212","O. Tshiebwe","F",29,5,11,0,0,4,6,10,10,20,3,0,3,1,2,14,TRUE,"401371853"
"213","K. Brooks Jr.","F",24,5,10,1,4,2,3,0,1,1,0,0,1,2,0,13,TRUE,"401371853"
"214","T. Washington Jr.","G",33,5,10,0,1,0,0,0,3,3,2,1,0,2,2,10,TRUE,"401371853"
"215","S. Wheeler","G",23,2,7,1,2,0,0,1,0,1,12,3,0,0,2,5,TRUE,"401371853"
"216","K. Grady","G",24,7,11,4,6,1,1,0,0,0,1,3,0,0,0,19,TRUE,"401371853"
"217","D. Collins","F",21,7,8,0,1,0,0,2,4,6,3,1,4,3,1,14,FALSE,"401371853"
"218","B. Canada","F",1,0,0,0,0,0,0,0,0,0,0,0,0,0,0,0,FALSE,"401371853"
"219","B. Hopkins","F",12,2,3,0,0,0,0,0,2,2,0,0,0,1,1,4,FALSE,"401371853"
"220","L. Ware","F",1,0,0,0,0,0,0,0,0,0,0,0,0,0,0,0,FALSE,"401371853"
"221","K. Watkins","G",1,0,0,0,0,0,0,0,0,0,0,0,0,0,0,0,FALSE,"401371853"
"222","D. Allen","G",10,3,5,2,4,0,0,0,1,1,1,0,2,0,0,8,FALSE,"401371853"
"223","Z. Payne","G",1,0,0,0,0,0,0,0,0,0,0,0,0,0,0,0,FALSE,"401371853"
"224","D. Mintz","G",20,4,5,4,5,1,2,0,4,4,2,0,0,1,0,13,FALSE,"401371853"
"225","O. Tshiebwe","F",33,11,14,0,0,2,2,5,11,16,1,1,3,2,2,24,TRUE,"401371854"
"226","K. Brooks Jr.","F",25,4,9,0,0,2,2,2,5,7,1,0,1,1,1,10,TRUE,"401371854"
"227","T. Washington Jr.","G",29,7,12,2,3,0,0,0,3,3,3,1,0,4,2,16,TRUE,"401371854"
"228","S. Wheeler","G",29,6,11,0,1,0,0,1,0,1,8,2,0,1,4,12,TRUE,"401371854"
"229","K. Grady","G",23,3,5,2,3,0,0,1,1,2,0,2,0,0,0,8,TRUE,"401371854"
"230","D. Collins","F",15,0,2,0,0,2,2,0,2,2,0,1,1,0,2,2,FALSE,"401371854"
"231","B. Canada","F",2,0,0,0,0,0,0,0,0,0,0,0,0,0,0,0,FALSE,"401371854"
"232","B. Hopkins","F",14,1,4,0,1,0,0,0,1,1,0,1,1,0,2,2,FALSE,"401371854"
"233","K. Watkins","G",2,0,0,0,0,0,0,0,1,1,0,0,0,2,1,0,FALSE,"401371854"
"234","D. Allen","G",9,1,3,0,1,0,0,0,0,0,1,0,0,0,1,2,FALSE,"401371854"
"235","Z. Payne","G",2,1,1,0,0,2,2,0,0,0,0,1,0,0,0,4,FALSE,"401371854"
"236","D. Mintz","G",17,0,3,0,1,0,0,1,1,2,1,0,0,2,2,0,FALSE,"401371854"
"237","O. Tshiebwe","F",20,0,3,0,0,0,0,6,4,10,1,0,0,1,2,0,TRUE,"401365016"
"238","K. Brooks Jr.","F",37,9,18,0,3,4,4,3,5,8,0,0,1,5,1,22,TRUE,"401365016"
"239","T. Washington Jr.","G",37,8,15,1,6,3,3,2,10,12,5,1,1,4,0,20,TRUE,"401365016"
"240","S. Wheeler","G",30,4,9,0,1,3,3,2,4,6,4,0,0,3,3,11,TRUE,"401365016"
"241","K. Grady","G",20,0,2,0,1,0,0,0,1,1,0,0,0,0,0,0,TRUE,"401365016"
"242","D. Collins","F",7,1,1,0,0,0,0,0,0,0,0,0,0,0,3,2,FALSE,"401365016"
"243","B. Hopkins","F",16,2,4,1,2,2,2,3,4,7,1,0,0,1,1,7,FALSE,"401365016"
"244","D. Allen","G",6,1,1,1,1,0,0,0,1,1,0,0,0,0,0,3,FALSE,"401365016"
"245","D. Mintz","G",27,4,7,0,2,4,5,3,5,8,3,1,0,0,0,12,FALSE,"401365016"
"246","O. Tshiebwe","F",22,6,6,0,0,0,1,3,11,14,0,1,0,4,4,12,TRUE,"401370937"
"247","K. Brooks Jr.","F",29,7,11,0,0,3,4,2,6,8,0,0,2,2,0,17,TRUE,"401370937"
"248","T. Washington Jr.","G",38,7,14,2,3,4,5,2,4,6,3,0,2,2,2,20,TRUE,"401370937"
"249","S. Wheeler","G",39,5,12,0,2,5,6,1,3,4,7,1,0,5,2,15,TRUE,"401370937"
"250","K. Grady","G",29,4,7,3,5,3,4,0,2,2,1,0,0,1,2,14,TRUE,"401370937"
"251","D. Collins","F",17,2,3,0,0,2,2,1,2,3,0,0,3,1,4,6,FALSE,"401370937"
"252","B. Canada","F",1,0,0,0,0,0,0,0,0,0,1,0,0,0,0,0,FALSE,"401370937"
"253","B. Hopkins","F",10,1,1,0,0,0,0,1,2,3,0,0,1,1,0,2,FALSE,"401370937"
"254","K. Watkins","G",1,0,0,0,0,0,0,0,0,0,0,0,0,0,1,0,FALSE,"401370937"
"255","D. Allen","G",13,0,5,0,5,0,0,0,2,2,1,1,0,1,0,0,FALSE,"401370937"
"256","Z. Payne","G",1,0,0,0,0,0,0,0,0,0,0,0,0,0,0,0,FALSE,"401370937"
"257","D. Collins","F",25,6,10,0,2,0,0,4,2,6,0,0,1,3,2,12,TRUE,"401369170"
"258","O. Tshiebwe","F",32,5,9,0,0,2,3,5,11,16,2,2,2,3,1,12,TRUE,"401369170"
"259","T. Washington Jr.","G",35,6,13,2,5,0,0,0,5,5,2,4,0,0,0,14,TRUE,"401369170"
"260","S. Wheeler","G",36,6,12,0,2,0,0,2,2,4,14,2,0,3,2,12,TRUE,"401369170"
"261","K. Grady","G",25,4,11,0,4,0,0,0,1,1,1,2,0,0,0,8,TRUE,"401369170"
"262","B. Canada","F",1,0,0,0,0,0,0,0,0,0,0,0,0,0,0,0,FALSE,"401369170"
"263","J. Toppin","F",10,1,3,0,0,1,2,0,2,2,1,1,1,3,0,3,FALSE,"401369170"
"264","B. Hopkins","F",8,2,3,2,3,1,2,1,1,2,0,0,0,2,0,7,FALSE,"401369170"
"265","L. Ware","F",7,2,3,0,0,0,0,0,1,1,0,0,0,1,1,4,FALSE,"401369170"
"266","K. Watkins","G",1,0,0,0,0,0,0,1,0,1,1,1,0,0,0,0,FALSE,"401369170"
"267","D. Allen","G",19,5,12,2,8,2,2,1,6,7,2,1,0,0,1,14,FALSE,"401369170"
"268","Z. Payne","G",1,0,2,0,1,0,0,0,0,0,0,0,0,0,0,0,FALSE,"401369170"
"269","O. Tshiebwe","F",26,6,8,0,0,8,11,7,9,16,0,3,1,0,3,20,TRUE,"401365038"
"270","K. Brooks Jr.","F",17,3,10,1,2,2,3,2,2,4,0,1,0,0,1,9,TRUE,"401365038"
"271","T. Washington Jr.","G",27,6,11,3,5,0,0,2,4,6,2,0,0,0,1,15,TRUE,"401365038"
"272","S. Wheeler","G",29,3,8,1,3,0,0,0,0,0,6,2,1,3,2,7,TRUE,"401365038"
"273","K. Grady","G",28,3,8,1,5,0,0,0,1,1,3,2,0,1,0,7,TRUE,"401365038"
"274","D. Collins","F",13,0,1,0,0,3,4,2,1,3,0,1,0,0,4,3,FALSE,"401365038"
"275","B. Canada","F",1,1,1,0,0,0,0,1,0,1,0,0,0,0,0,2,FALSE,"401365038"
"276","J. Toppin","F",14,3,3,0,0,1,2,0,1,1,1,0,0,0,1,7,FALSE,"401365038"
"277","B. Hopkins","F",17,3,9,0,3,0,0,3,1,4,3,0,0,1,0,6,FALSE,"401365038"
"278","L. Ware","F",7,0,0,0,0,0,2,0,1,1,0,0,1,0,1,0,FALSE,"401365038"
"279","K. Watkins","G",1,0,1,0,0,0,0,0,1,1,0,0,0,0,0,0,FALSE,"401365038"
"280","D. Allen","G",19,3,11,1,7,2,2,2,4,6,1,0,0,1,1,9,FALSE,"401365038"
"281","Z. Payne","G",1,0,1,0,1,0,0,0,0,0,0,0,0,0,0,0,FALSE,"401365038"
"282","O. Tshiebwe","F",25,9,11,0,0,5,7,4,7,11,2,2,4,0,4,23,TRUE,"401371855"
"283","K. Brooks Jr.","F",20,1,3,0,0,0,2,0,1,1,0,2,1,1,1,2,TRUE,"401371855"
"284","T. Washington Jr.","G",26,5,10,1,3,3,4,2,1,3,5,1,0,2,2,14,TRUE,"401371855"
"285","S. Wheeler","G",32,3,7,0,2,2,2,1,3,4,6,1,0,5,3,8,TRUE,"401371855"
"286","K. Grady","G",34,3,7,3,7,0,0,0,0,0,3,0,0,1,0,9,TRUE,"401371855"
"287","D. Collins","F",17,4,5,0,0,0,1,3,3,6,0,1,3,0,2,8,FALSE,"401371855"
"288","J. Toppin","F",21,1,4,0,0,0,0,2,4,6,1,0,4,2,0,2,FALSE,"401371855"
"289","B. Hopkins","F",2,0,0,0,0,0,0,0,0,0,0,0,0,0,0,0,FALSE,"401371855"
"290","L. Ware","F",3,0,0,0,0,1,2,0,0,0,0,0,0,1,1,1,FALSE,"401371855"
"291","D. Allen","G",3,0,1,0,1,0,0,0,0,0,0,0,0,1,1,0,FALSE,"401371855"
"292","D. Mintz","G",16,2,9,2,7,3,5,3,2,5,1,0,0,2,0,9,FALSE,"401371855"
"293","O. Tshiebwe","F",37,11,14,0,0,3,4,3,4,7,1,3,2,1,1,25,TRUE,"401369965"
"294","K. Brooks Jr.","F",32,5,10,0,1,2,4,0,7,7,0,1,1,0,1,12,TRUE,"401369965"
"295","T. Washington Jr.","G",33,3,7,0,1,0,0,0,1,1,5,0,0,2,2,6,TRUE,"401369965"
"296","S. Wheeler","G",29,0,5,0,2,3,4,0,2,2,2,0,0,2,3,3,TRUE,"401369965"
"297","K. Grady","G",35,3,8,2,7,0,0,0,4,4,1,0,0,0,1,8,TRUE,"401369965"
"298","D. Collins","F",3,0,0,0,0,0,0,0,0,0,0,0,1,0,1,0,FALSE,"401369965"
"299","J. Toppin","F",8,1,2,0,1,0,0,1,0,1,0,1,0,0,0,2,FALSE,"401369965"
"300","B. Hopkins","F",5,0,2,0,2,0,0,0,0,0,0,0,0,0,0,0,FALSE,"401369965"
"301","D. Mintz","G",18,2,7,0,5,2,3,1,3,4,0,0,0,0,1,6,FALSE,"401369965"
"302","O. Tshiebwe","F",22,7,12,0,0,2,3,4,8,12,1,0,0,2,4,16,TRUE,"401393745"
"303","K. Brooks Jr.","F",18,5,10,0,0,0,0,2,1,3,0,0,0,0,2,10,TRUE,"401393745"
"304","T. Washington Jr.","G",20,4,9,1,3,0,0,2,2,4,4,2,0,1,1,9,TRUE,"401393745"
"305","S. Wheeler","G",32,12,15,0,0,2,2,2,1,3,8,4,0,2,3,26,TRUE,"401393745"
"306","K. Grady","G",31,6,8,5,7,1,2,0,6,6,1,0,0,1,1,18,TRUE,"401393745"
"307","D. Collins","F",5,0,3,0,0,0,0,1,0,1,0,1,1,2,1,0,FALSE,"401393745"
"308","B. Canada","F",1,0,0,0,0,0,0,0,0,0,0,0,0,0,0,0,FALSE,"401393745"
"309","J. Toppin","F",20,2,4,0,0,3,4,2,3,5,3,0,0,0,0,7,FALSE,"401393745"
"310","B. Hopkins","F",9,2,3,1,1,0,0,0,2,2,0,1,0,0,2,5,FALSE,"401393745"
"311","L. Ware","F",13,0,1,0,0,1,2,2,2,4,1,0,1,1,4,1,FALSE,"401393745"
"312","K. Watkins","G",1,0,0,0,0,0,0,0,0,0,0,0,0,0,0,0,FALSE,"401393745"
"313","Z. Payne","G",1,0,0,0,0,0,0,0,0,0,0,0,0,0,1,0,FALSE,"401393745"
"314","D. Mintz","G",27,1,7,1,4,3,4,1,0,1,2,0,0,0,2,6,FALSE,"401393745"
"315","O. Tshiebwe","F",35,6,12,0,0,2,2,5,23,28,0,3,1,2,1,14,TRUE,"401396290"
"316","K. Brooks Jr.","F",13,2,5,0,0,1,1,1,0,1,2,0,0,3,4,5,TRUE,"401396290"
"317","T. Washington Jr.","G",35,9,13,2,5,0,0,1,1,2,6,0,0,2,3,20,TRUE,"401396290"
"318","S. Wheeler","G",24,3,6,0,1,0,0,0,0,0,8,0,0,4,4,6,TRUE,"401396290"
"319","K. Grady","G",34,7,10,6,9,3,5,1,2,3,1,0,0,0,0,23,TRUE,"401396290"
"320","D. Collins","F",6,2,2,0,0,0,0,0,2,2,0,0,2,1,2,4,FALSE,"401396290"
"321","B. Canada","F",2,1,2,0,1,0,0,0,0,0,0,0,0,0,0,2,FALSE,"401396290"
"322","J. Toppin","F",24,5,9,0,0,2,3,2,1,3,6,1,0,0,2,12,FALSE,"401396290"
"323","B. Hopkins","F",5,1,3,0,0,0,0,3,0,3,0,0,0,2,0,2,FALSE,"401396290"
"324","K. Watkins","G",2,0,0,0,0,0,0,0,0,0,1,0,0,0,0,0,FALSE,"401396290"
"325","Z. Payne","G",2,1,2,0,1,0,0,0,2,2,0,0,0,0,0,2,FALSE,"401396290"
"326","D. Mintz","G",18,1,4,1,3,2,2,1,1,2,3,1,1,2,1,5,FALSE,"401396290"
"327","O. Tshiebwe","F",30,2,10,0,0,9,10,7,13,20,0,1,2,4,4,13,TRUE,"401364839"
"328","K. Brooks Jr.","F",27,7,11,0,1,3,4,2,7,9,1,0,2,1,1,17,TRUE,"401364839"
"329","T. Washington Jr.","G",30,6,13,2,4,0,0,1,5,6,2,2,0,1,2,14,TRUE,"401364839"
"330","S. Wheeler","G",36,5,12,0,2,1,2,0,2,2,9,2,0,1,1,11,TRUE,"401364839"
"331","K. Grady","G",32,2,5,2,5,2,2,0,1,1,0,1,0,0,1,8,TRUE,"401364839"
"332","D. Collins","F",5,1,1,0,0,0,0,1,3,4,0,0,0,1,0,2,FALSE,"401364839"
"333","J. Toppin","F",11,1,2,0,0,2,2,0,1,1,0,1,0,2,2,4,FALSE,"401364839"
"334","B. Hopkins","F",5,1,2,0,0,0,0,0,0,0,0,0,0,0,0,2,FALSE,"401364839"
"335","L. Ware","F",7,0,0,0,0,5,6,0,3,3,0,0,0,0,1,5,FALSE,"401364839"
"336","D. Allen","G",2,0,1,0,1,0,0,0,0,0,0,0,0,0,1,0,FALSE,"401364839"
"337","D. Mintz","G",15,3,8,1,4,0,0,0,1,1,0,1,0,1,0,7,FALSE,"401364839"
"338","O. Tshiebwe","F",25,7,8,0,0,1,2,3,5,8,1,0,0,1,1,15,TRUE,"401371857"
"339","K. Brooks Jr.","F",23,4,6,0,0,1,2,2,5,7,3,1,1,0,0,9,TRUE,"401371857"
"340","T. Washington Jr.","G",25,6,9,3,5,0,0,0,2,2,9,1,0,1,1,15,TRUE,"401371857"
"341","S. Wheeler","G",27,1,7,0,2,0,0,1,1,2,7,2,0,4,1,2,TRUE,"401371857"
"342","K. Grady","G",25,8,12,7,10,0,1,1,3,4,0,2,1,1,0,23,TRUE,"401371857"
"343","D. Collins","F",12,3,4,0,0,0,0,1,7,8,1,0,1,0,1,6,FALSE,"401371857"
"344","B. Canada","F",3,1,1,0,0,0,0,0,0,0,0,0,0,0,0,2,FALSE,"401371857"
"345","J. Toppin","F",10,2,2,0,0,2,2,0,3,3,0,0,1,0,1,6,FALSE,"401371857"
"346","B. Hopkins","F",12,1,3,0,2,0,1,0,0,0,1,1,0,1,0,2,FALSE,"401371857"
"347","L. Ware","F",8,1,1,0,0,0,0,1,4,5,0,0,2,2,0,2,FALSE,"401371857"
"348","K. Watkins","G",3,0,0,0,0,0,0,0,0,0,0,1,0,0,0,0,FALSE,"401371857"
"349","D. Allen","G",10,0,5,0,4,0,0,0,2,2,0,0,0,0,0,0,FALSE,"401371857"
"350","Z. Payne","G",3,0,0,0,0,0,0,0,0,0,0,0,0,1,0,0,FALSE,"401371857"
"351","D. Mintz","G",14,5,8,0,3,0,0,0,1,1,1,2,0,1,0,10,FALSE,"401371857"
