"","player","position","MIN","FGM","FGA","3PTM","3PTA","FTM","FTA","OREB","DREB","REB","AST","STL","BLK","TO","PF","PTS","starter","game_id"
"1","K. Whitney","F",22,1,3,1,2,1,3,2,2,4,1,0,0,2,2,4,TRUE,"401169795"
"2","EJ Montgomery","F",14,2,6,0,0,0,2,0,2,2,0,0,2,1,1,4,TRUE,"401169795"
"3","N. Sestina","F",31,3,4,1,2,0,0,0,6,6,2,0,1,0,3,7,TRUE,"401169795"
"4","I. Quickley","G",30,1,6,1,4,7,8,0,5,5,2,2,0,1,2,10,TRUE,"401169795"
"5","A. Hagans","G",29,3,9,0,1,5,5,1,1,2,3,1,0,3,1,11,TRUE,"401169795"
"6","K. Brooks","F",15,0,3,0,2,0,0,0,2,2,0,0,0,1,2,0,FALSE,"401169795"
"7","N. Richards","F",25,2,7,0,0,3,4,2,2,4,0,0,0,1,5,7,FALSE,"401169795"
"8","J. Juzang","G",2,0,0,0,0,0,0,0,0,0,0,0,0,0,1,0,FALSE,"401169795"
"9","T. Maxey","G",32,7,12,3,7,9,10,0,5,5,1,1,0,1,3,26,FALSE,"401169795"
"10","K. Whitney","F",20,5,8,0,1,1,2,1,1,2,0,1,0,2,3,11,TRUE,"401169808"
"11","N. Richards","F",31,10,11,0,0,1,2,1,9,10,1,0,4,2,2,21,TRUE,"401169808"
"12","N. Sestina","F",30,3,6,1,3,5,7,3,8,11,2,2,2,1,2,12,TRUE,"401169808"
"13","I. Quickley","G",28,4,10,1,3,7,7,1,2,3,5,0,0,1,2,16,TRUE,"401169808"
"14","A. Hagans","G",24,5,9,0,3,1,3,1,6,7,5,3,0,3,2,11,TRUE,"401169808"
"15","B. Canada","F",0,0,0,0,0,0,0,0,0,0,0,0,0,1,0,0,FALSE,"401169808"
"16","K. Brooks","F",21,5,7,0,0,1,6,4,4,8,0,0,0,3,1,11,FALSE,"401169808"
"17","B. Jordan","F",0,0,1,0,0,0,0,0,0,0,0,0,0,0,0,0,FALSE,"401169808"
"18","J. Juzang","G",20,0,4,0,2,0,0,1,6,7,1,0,0,1,1,0,FALSE,"401169808"
"19","T. Maxey","G",26,2,6,0,2,5,5,0,3,3,3,1,0,4,0,9,FALSE,"401169808"
"20","R. Welch","G",0,0,0,0,0,0,0,0,0,0,0,1,0,0,0,0,FALSE,"401169808"
"21","K. Whitney","F",23,1,3,1,3,3,6,1,2,3,0,2,0,1,2,6,TRUE,"401169817"
"22","N. Richards","F",22,2,6,0,0,2,2,2,4,6,1,0,0,1,2,6,TRUE,"401169817"
"23","N. Sestina","F",29,2,4,0,1,5,5,1,4,5,0,0,1,2,3,9,TRUE,"401169817"
"24","I. Quickley","G",35,5,12,1,4,5,5,2,7,9,1,0,0,3,2,16,TRUE,"401169817"
"25","A. Hagans","G",24,1,8,0,3,1,2,0,2,2,3,2,0,4,4,3,TRUE,"401169817"
"26","K. Brooks Jr.","F",21,3,8,0,1,0,0,2,2,4,1,0,0,0,1,6,FALSE,"401169817"
"27","J. Juzang","G",13,1,1,1,1,0,0,0,2,2,0,0,0,0,0,3,FALSE,"401169817"
"28","T. Maxey","G",33,5,12,1,4,4,5,0,3,3,0,2,1,2,4,15,FALSE,"401169817"
"29","K. Whitney","F",26,2,5,0,0,0,0,1,4,5,0,0,0,2,0,4,TRUE,"401169836"
"30","N. Richards","F",35,8,11,0,0,5,5,4,6,10,0,0,1,0,2,21,TRUE,"401169836"
"31","N. Sestina","F",34,2,8,0,3,4,4,3,9,12,1,0,0,3,4,8,TRUE,"401169836"
"32","T. Maxey","G",37,4,14,1,5,5,7,1,4,5,3,0,0,2,3,14,TRUE,"401169836"
"33","A. Hagans","G",37,7,14,0,2,12,12,0,5,5,6,1,1,6,0,26,TRUE,"401169836"
"34","K. Brooks Jr.","F",14,2,3,0,0,1,2,0,4,4,0,0,0,0,1,5,FALSE,"401169836"
"35","J. Juzang","G",17,0,2,0,2,4,4,1,1,2,1,1,0,1,3,4,FALSE,"401169836"
"36","K. Whitney","F",14,4,7,1,1,0,0,0,1,1,1,2,0,2,2,9,TRUE,"401169850"
"37","N. Richards","F",33,7,10,0,0,5,6,4,2,6,1,0,3,3,1,19,TRUE,"401169850"
"38","N. Sestina","F",25,1,3,0,2,3,3,1,3,4,4,0,0,0,1,5,TRUE,"401169850"
"39","T. Maxey","G",33,4,7,1,4,2,2,0,1,1,6,0,0,3,1,11,TRUE,"401169850"
"40","A. Hagans","G",29,5,8,0,0,6,6,0,7,7,7,1,0,2,2,16,TRUE,"401169850"
"41","B. Canada","F",1,0,0,0,0,0,0,0,0,0,0,0,0,0,0,0,FALSE,"401169850"
"42","K. Brooks Jr.","F",18,1,3,0,1,0,1,0,3,3,1,1,0,0,1,2,FALSE,"401169850"
"43","B. Jordan","F",1,0,0,0,0,0,0,0,0,0,0,0,0,0,0,0,FALSE,"401169850"
"44","EJ Montgomery","F",15,3,4,1,1,0,0,1,5,6,1,0,0,1,4,7,FALSE,"401169850"
"45","J. Juzang","G",8,0,4,0,2,0,0,0,3,3,0,0,0,0,0,0,FALSE,"401169850"
"46","I. Quickley","G",22,5,8,3,4,0,0,0,2,2,0,0,0,1,2,13,FALSE,"401169850"
"47","R. Welch","G",1,0,1,0,0,0,0,0,0,0,0,0,0,0,0,0,FALSE,"401169850"
"48","K. Whitney","F",12,1,7,0,0,1,2,0,2,2,1,0,2,0,0,3,TRUE,"401169856"
"49","N. Richards","F",35,5,9,0,0,0,2,5,8,13,1,0,7,0,3,10,TRUE,"401169856"
"50","N. Sestina","F",18,1,2,1,2,0,0,1,4,5,2,0,0,1,2,3,TRUE,"401169856"
"51","T. Maxey","G",31,8,11,4,6,1,1,0,5,5,3,1,1,1,3,21,TRUE,"401169856"
"52","A. Hagans","G",32,4,6,3,4,4,4,0,3,3,9,2,0,4,2,15,TRUE,"401169856"
"53","B. Canada","F",1,0,0,0,0,0,0,0,0,0,0,0,0,0,0,0,FALSE,"401169856"
"54","K. Brooks Jr.","F",15,3,6,1,2,2,2,1,2,3,0,0,0,1,0,9,FALSE,"401169856"
"55","EJ Montgomery","F",23,3,6,0,2,1,3,1,3,4,0,0,3,2,0,7,FALSE,"401169856"
"56","J. Juzang","G",13,1,3,0,2,0,0,0,1,1,0,0,0,0,1,2,FALSE,"401169856"
"57","I. Quickley","G",19,3,7,1,4,4,5,0,1,1,3,2,0,2,3,11,FALSE,"401169856"
"58","R. Welch","G",1,0,0,0,0,0,0,0,0,0,0,1,0,0,0,0,FALSE,"401169856"
"59","K. Whitney","F",19,0,5,0,2,2,2,2,0,2,2,0,0,1,1,2,TRUE,"401169863"
"60","EJ Montgomery","F",31,7,13,0,1,2,2,2,6,8,0,0,2,1,3,16,TRUE,"401169863"
"61","N. Richards","F",28,7,7,0,0,2,4,2,7,9,0,0,1,4,4,16,TRUE,"401169863"
"62","T. Maxey","G",33,3,9,1,4,0,0,0,3,3,4,0,0,0,1,7,TRUE,"401169863"
"63","A. Hagans","G",35,2,6,1,3,4,6,1,2,3,12,2,0,2,3,9,TRUE,"401169863"
"64","K. Brooks Jr.","F",21,2,5,1,1,0,0,0,4,4,1,0,0,1,0,5,FALSE,"401169863"
"65","J. Juzang","G",12,2,4,1,2,0,0,2,0,2,0,0,0,0,1,5,FALSE,"401169863"
"66","I. Quickley","G",21,3,6,1,2,2,2,1,3,4,0,0,0,2,0,9,FALSE,"401169863"
"67","EJ Montgomery","F",30,12,16,0,1,1,2,4,5,9,0,1,1,1,2,25,TRUE,"401169879"
"68","N. Richards","F",31,5,6,0,0,2,2,1,9,10,0,0,2,2,2,12,TRUE,"401169879"
"69","J. Juzang","G",23,1,5,0,2,2,2,1,2,3,1,2,0,0,0,4,TRUE,"401169879"
"70","T. Maxey","G",27,1,8,0,3,0,0,1,5,6,4,0,0,1,2,2,TRUE,"401169879"
"71","A. Hagans","G",31,2,4,0,0,7,7,0,2,2,11,2,0,2,3,11,TRUE,"401169879"
"72","B. Canada","F",1,0,0,0,0,0,0,0,0,0,0,0,0,0,0,0,FALSE,"401169879"
"73","K. Brooks Jr.","F",16,6,11,1,2,2,2,2,3,5,1,1,1,2,3,15,FALSE,"401169879"
"74","K. Whitney","F",18,3,4,0,0,1,2,1,2,3,0,0,0,0,2,7,FALSE,"401169879"
"75","I. Quickley","G",22,2,8,1,3,2,2,0,1,1,3,0,0,1,0,7,FALSE,"401169879"
"76","R. Welch","G",1,0,0,0,0,0,0,0,0,0,0,0,0,0,0,0,FALSE,"401169879"
"77","EJ Montgomery","F",20,0,4,0,0,0,0,1,2,3,1,0,0,0,2,0,TRUE,"401168249"
"78","N. Richards","F",34,5,6,0,0,2,4,1,3,4,0,1,4,1,4,12,TRUE,"401168249"
"79","T. Maxey","G",38,0,9,0,3,6,6,1,6,7,6,2,0,3,1,6,TRUE,"401168249"
"80","I. Quickley","G",36,6,12,2,6,2,2,1,2,3,2,2,0,3,2,16,TRUE,"401168249"
"81","A. Hagans","G",35,8,10,2,3,3,4,0,7,7,7,2,0,6,3,21,TRUE,"401168249"
"82","K. Brooks Jr.","F",26,4,7,0,0,2,2,1,3,4,1,1,1,0,1,10,FALSE,"401168249"
"83","K. Whitney","F",7,1,2,0,0,0,0,2,1,3,1,0,0,2,0,2,FALSE,"401168249"
"84","J. Juzang","G",4,0,1,0,0,0,0,0,0,0,0,0,0,1,0,0,FALSE,"401168249"
"85","EJ Montgomery","F",29,4,8,0,0,0,0,4,6,10,1,1,0,1,2,8,TRUE,"401169891"
"86","N. Richards","F",26,1,3,0,0,3,3,1,3,4,1,0,2,1,4,5,TRUE,"401169891"
"87","T. Maxey","G",29,7,13,0,4,4,6,0,1,1,1,0,0,3,4,18,TRUE,"401169891"
"88","I. Quickley","G",32,2,10,0,4,0,0,1,3,4,2,2,0,0,3,4,TRUE,"401169891"
"89","A. Hagans","G",37,5,14,1,4,5,6,1,2,3,8,4,0,2,1,16,TRUE,"401169891"
"90","K. Brooks Jr.","F",18,4,8,0,2,0,0,2,1,3,0,0,0,1,2,8,FALSE,"401169891"
"91","K. Whitney","F",16,3,6,1,3,0,1,2,0,2,1,0,0,1,5,7,FALSE,"401169891"
"92","N. Sestina","F",10,0,1,0,0,0,0,1,0,1,0,0,1,1,1,0,FALSE,"401169891"
"93","J. Juzang","G",3,0,0,0,0,0,0,0,0,0,0,0,0,2,0,0,FALSE,"401169891"
"94","K. Whitney","F",10,1,3,0,1,0,1,1,0,1,0,0,0,1,1,2,TRUE,"401166125"
"95","EJ Montgomery","F",28,2,4,0,0,0,0,2,3,5,1,0,0,0,3,4,TRUE,"401166125"
"96","N. Richards","F",12,1,1,0,0,0,0,0,0,0,0,2,1,2,4,2,TRUE,"401166125"
"97","T. Maxey","G",34,5,13,1,6,4,6,0,6,6,3,1,0,3,5,15,TRUE,"401166125"
"98","A. Hagans","G",37,5,10,0,2,4,6,0,1,1,9,3,0,2,2,14,TRUE,"401166125"
"99","K. Brooks Jr.","F",9,0,3,0,0,0,0,1,0,1,1,0,2,1,0,0,FALSE,"401166125"
"100","N. Sestina","F",32,6,11,5,8,0,0,3,1,4,1,0,0,0,4,17,FALSE,"401166125"
"101","J. Juzang","G",8,1,3,0,1,0,0,0,3,3,0,0,0,0,3,2,FALSE,"401166125"
"102","I. Quickley","G",30,4,11,1,5,0,0,1,2,3,2,1,0,1,3,9,FALSE,"401166125"
"103","K. Brooks Jr.","F",25,0,4,0,2,2,2,1,0,1,0,1,1,2,2,2,TRUE,"401168280"
"104","EJ Montgomery","F",25,2,5,0,0,0,0,0,5,5,1,0,2,1,4,4,TRUE,"401168280"
"105","N. Richards","F",34,4,6,0,0,5,7,6,4,10,0,0,1,1,4,13,TRUE,"401168280"
"106","T. Maxey","G",40,9,14,4,5,5,6,0,7,7,1,1,0,3,4,27,TRUE,"401168280"
"107","A. Hagans","G",43,3,8,1,1,1,2,0,5,5,8,2,1,2,1,8,TRUE,"401168280"
"108","K. Whitney","F",2,0,0,0,0,0,0,0,0,0,0,0,0,0,0,0,FALSE,"401168280"
"109","N. Sestina","F",17,3,6,0,1,0,0,2,1,3,1,1,0,0,5,6,FALSE,"401168280"
"110","J. Juzang","G",2,0,0,0,0,0,0,0,1,1,0,0,0,0,0,0,FALSE,"401168280"
"111","I. Quickley","G",37,4,11,2,6,8,8,0,3,3,1,0,0,1,2,18,FALSE,"401168280"
"112","K. Brooks Jr.","F",11,1,3,0,1,1,1,0,1,1,0,0,0,1,1,3,TRUE,"401166272"
"113","EJ Montgomery","F",23,1,4,0,0,1,2,2,2,4,0,0,1,2,3,3,TRUE,"401166272"
"114","N. Richards","F",29,9,13,0,0,3,4,3,9,12,1,0,4,2,5,21,TRUE,"401166272"
"115","T. Maxey","G",34,3,10,0,5,2,2,0,1,1,3,0,0,1,3,8,TRUE,"401166272"
"116","A. Hagans","G",35,0,3,0,0,7,8,0,5,5,7,1,0,5,3,7,TRUE,"401166272"
"117","K. Whitney","F",8,0,2,0,1,0,0,0,0,0,0,0,0,0,0,0,FALSE,"401166272"
"118","N. Sestina","F",27,1,4,0,1,4,4,1,5,6,1,1,2,0,3,6,FALSE,"401166272"
"119","I. Quickley","G",33,5,9,4,8,9,9,0,3,3,1,1,1,2,1,23,FALSE,"401166272"
"120","K. Brooks Jr.","F",14,3,4,0,0,0,0,1,0,1,0,0,0,2,1,6,TRUE,"401166278"
"121","EJ Montgomery","F",21,1,3,0,0,0,1,2,5,7,2,0,0,2,2,2,TRUE,"401166278"
"122","N. Richards","F",25,8,11,0,0,1,2,3,4,7,0,0,0,4,4,17,TRUE,"401166278"
"123","T. Maxey","G",39,7,15,1,3,2,5,0,7,7,8,1,4,2,2,17,TRUE,"401166278"
"124","A. Hagans","G",36,4,12,1,4,4,6,0,2,2,5,4,1,2,3,13,TRUE,"401166278"
"125","K. Whitney","F",11,0,0,0,0,0,0,0,1,1,0,0,1,0,2,0,FALSE,"401166278"
"126","N. Sestina","F",20,3,7,1,2,1,3,3,4,7,1,0,0,0,3,8,FALSE,"401166278"
"127","I. Quickley","G",34,5,10,3,3,2,3,2,3,5,2,2,0,0,2,15,FALSE,"401166278"
"128","K. Brooks Jr.","F",10,1,2,0,0,0,0,0,0,0,0,0,0,1,2,2,TRUE,"401166283"
"129","EJ Montgomery","F",25,4,6,0,0,0,0,0,6,6,0,0,1,1,1,8,TRUE,"401166283"
"130","N. Richards","F",32,5,11,0,0,3,6,4,7,11,1,0,5,1,1,13,TRUE,"401166283"
"131","T. Maxey","G",35,6,17,1,3,0,0,1,3,4,1,0,0,4,2,13,TRUE,"401166283"
"132","A. Hagans","G",36,4,10,1,2,6,9,0,9,9,9,3,0,4,2,15,TRUE,"401166283"
"133","K. Whitney","F",8,0,3,0,1,0,0,1,0,1,1,0,0,1,1,0,FALSE,"401166283"
"134","N. Sestina","F",18,2,4,2,3,0,0,2,2,4,0,1,2,1,3,6,FALSE,"401166283"
"135","I. Quickley","G",34,6,10,5,6,2,2,0,5,5,3,1,0,1,1,19,FALSE,"401166283"
"136","K. Brooks Jr.","F",13,0,5,0,2,0,0,3,4,7,0,2,1,1,3,0,TRUE,"401166293"
"137","EJ Montgomery","F",26,1,4,0,0,4,5,0,5,5,0,0,1,1,5,6,TRUE,"401166293"
"138","N. Richards","F",24,5,6,0,0,5,8,4,3,7,0,0,4,4,3,15,TRUE,"401166293"
"139","T. Maxey","G",32,5,7,2,2,1,2,0,1,1,1,0,0,0,2,13,TRUE,"401166293"
"140","A. Hagans","G",32,2,10,0,2,9,11,0,4,4,7,1,0,5,5,13,TRUE,"401166293"
"141","K. Whitney","F",10,1,4,0,1,0,2,0,1,1,0,0,0,0,2,2,FALSE,"401166293"
"142","N. Sestina","F",21,3,6,1,3,0,1,2,2,4,0,1,0,2,1,7,FALSE,"401166293"
"143","J. Juzang","G",8,1,4,0,1,0,0,1,4,5,0,0,0,0,1,2,FALSE,"401166293"
"144","I. Quickley","G",34,6,9,2,4,6,7,0,6,6,2,1,0,2,4,20,FALSE,"401166293"
"145","EJ Montgomery","F",17,0,1,0,0,1,2,0,2,2,1,0,1,3,5,1,TRUE,"401166300"
"146","N. Richards","F",29,6,8,0,0,5,6,3,6,9,0,0,2,3,2,17,TRUE,"401166300"
"147","T. Maxey","G",26,5,7,0,1,1,1,1,5,6,2,2,1,2,3,11,TRUE,"401166300"
"148","I. Quickley","G",40,3,14,1,5,6,7,4,6,10,2,0,0,2,2,13,TRUE,"401166300"
"149","A. Hagans","G",33,4,11,2,4,3,5,0,6,6,6,1,0,1,5,13,TRUE,"401166300"
"150","K. Brooks Jr.","F",16,3,4,0,0,4,6,1,6,7,0,1,1,3,2,10,FALSE,"401166300"
"151","K. Whitney","F",1,0,0,0,0,0,0,0,0,0,0,0,0,0,0,0,FALSE,"401166300"
"152","N. Sestina","F",21,1,4,1,2,0,0,2,1,3,1,1,0,1,4,3,FALSE,"401166300"
"153","J. Juzang","G",17,2,5,1,2,0,0,0,1,1,0,0,0,0,1,5,FALSE,"401166300"
"154","EJ Montgomery","F",19,4,6,0,0,2,3,3,3,6,0,1,2,2,3,10,TRUE,"401166305"
"155","N. Richards","F",36,7,12,0,0,6,6,3,5,8,0,0,3,0,2,20,TRUE,"401166305"
"156","T. Maxey","G",31,1,3,0,1,5,5,0,5,5,3,1,0,3,2,7,TRUE,"401166305"
"157","I. Quickley","G",36,3,7,1,5,5,6,0,4,4,2,0,1,1,5,12,TRUE,"401166305"
"158","A. Hagans","G",35,8,17,0,1,7,8,1,4,5,9,4,1,3,3,23,TRUE,"401166305"
"159","K. Brooks Jr.","F",16,4,7,0,0,0,1,3,2,5,0,0,1,1,2,8,FALSE,"401166305"
"160","K. Whitney","F",3,0,0,0,0,1,2,0,0,0,0,0,0,0,0,1,FALSE,"401166305"
"161","N. Sestina","F",6,1,2,0,0,0,0,0,2,2,0,0,0,0,2,2,FALSE,"401166305"
"162","J. Juzang","G",18,3,5,0,2,0,2,2,1,3,1,0,0,0,0,6,FALSE,"401166305"
"163","EJ Montgomery","F",25,1,3,0,0,2,2,2,3,5,1,0,0,0,3,4,TRUE,"401169716"
"164","N. Richards","F",39,7,10,0,0,11,14,4,10,14,0,0,4,0,3,25,TRUE,"401169716"
"165","T. Maxey","G",40,2,10,0,1,3,3,1,2,3,3,0,1,5,4,7,TRUE,"401169716"
"166","I. Quickley","G",42,7,17,4,8,3,4,1,5,6,1,1,1,6,2,21,TRUE,"401169716"
"167","A. Hagans","G",43,2,6,0,0,2,2,0,3,3,7,3,0,4,3,6,TRUE,"401169716"
"168","K. Brooks Jr.","F",7,0,0,0,0,0,0,0,0,0,0,0,0,1,0,0,FALSE,"401169716"
"169","N. Sestina","F",21,3,6,2,4,0,0,1,2,3,0,1,0,2,5,8,FALSE,"401169716"
"170","J. Juzang","G",8,2,3,1,2,0,0,0,1,1,0,1,0,1,3,5,FALSE,"401169716"
"171","EJ Montgomery","F",26,4,5,0,0,1,1,2,2,4,1,0,0,2,2,9,TRUE,"401166315"
"172","N. Richards","F",22,7,11,0,0,1,2,3,8,11,0,0,0,0,4,15,TRUE,"401166315"
"173","T. Maxey","G",35,5,10,2,3,5,6,1,3,4,2,1,0,3,2,17,TRUE,"401166315"
"174","I. Quickley","G",37,3,13,0,2,5,5,1,3,4,2,0,0,0,3,11,TRUE,"401166315"
"175","A. Hagans","G",33,4,6,0,0,4,5,0,4,4,6,2,0,5,4,12,TRUE,"401166315"
"176","K. Brooks Jr.","F",11,0,2,0,1,0,0,0,2,2,0,0,1,0,0,0,FALSE,"401166315"
"177","N. Sestina","F",21,2,5,1,2,0,0,0,0,0,2,1,1,1,1,5,FALSE,"401166315"
"178","J. Juzang","G",15,1,4,0,2,0,0,0,3,3,0,0,1,0,0,2,FALSE,"401166315"
"179","EJ Montgomery","F",17,1,1,0,0,0,0,1,3,4,1,0,3,0,4,2,TRUE,"401166322"
"180","N. Richards","F",38,3,8,0,0,1,2,4,3,7,0,0,1,0,4,7,TRUE,"401166322"
"181","T. Maxey","G",38,5,14,2,5,10,12,0,4,4,2,0,0,2,3,22,TRUE,"401166322"
"182","I. Quickley","G",32,6,13,2,4,9,10,0,5,5,2,0,0,0,5,23,TRUE,"401166322"
"183","A. Hagans","G",20,2,5,1,2,0,0,0,0,0,3,0,0,6,5,5,TRUE,"401166322"
"184","K. Brooks Jr.","F",22,2,2,0,0,0,0,0,2,2,0,0,1,0,4,4,FALSE,"401166322"
"185","N. Sestina","F",18,0,3,0,3,0,0,0,1,1,0,0,1,0,1,0,FALSE,"401166322"
"186","J. Juzang","G",15,1,3,1,2,0,0,0,2,2,0,0,0,2,3,3,FALSE,"401166322"
"187","EJ Montgomery","F",32,5,11,0,0,2,5,2,6,8,1,3,1,0,4,12,TRUE,"401166327"
"188","N. Richards","F",33,7,10,0,0,13,15,3,8,11,0,0,0,2,3,27,TRUE,"401166327"
"189","T. Maxey","G",37,4,9,0,2,0,0,0,4,4,5,2,0,2,0,8,TRUE,"401166327"
"190","I. Quickley","G",38,3,11,1,6,14,14,0,4,4,1,0,0,1,0,21,TRUE,"401166327"
"191","A. Hagans","G",35,2,7,0,1,2,2,0,2,2,6,2,0,2,2,6,TRUE,"401166327"
"192","K. Brooks Jr.","F",5,0,1,0,0,0,0,1,0,1,0,0,0,0,2,0,FALSE,"401166327"
"193","N. Sestina","F",15,3,5,0,1,0,0,1,2,3,1,0,1,0,3,6,FALSE,"401166327"
"194","J. Juzang","G",5,0,0,0,0,0,0,0,1,1,0,0,0,0,0,0,FALSE,"401166327"
"195","EJ Montgomery","F",15,1,2,0,0,0,0,0,3,3,2,2,3,1,2,2,TRUE,"401166333"
"196","N. Richards","F",32,5,5,0,0,5,6,1,6,7,0,0,0,0,3,15,TRUE,"401166333"
"197","T. Maxey","G",30,6,13,0,3,3,4,0,5,5,4,2,0,2,3,15,TRUE,"401166333"
"198","I. Quickley","G",29,5,9,2,3,6,7,0,0,0,0,0,0,1,2,18,TRUE,"401166333"
"199","A. Hagans","G",36,2,8,0,1,6,6,0,4,4,3,1,0,5,1,10,TRUE,"401166333"
"200","K. Brooks Jr.","F",26,2,5,0,0,0,0,3,6,9,0,0,0,1,4,4,FALSE,"401166333"
"201","N. Sestina","F",8,0,0,0,0,0,0,0,1,1,0,0,0,1,4,0,FALSE,"401166333"
"202","J. Juzang","G",24,4,4,3,3,2,2,1,0,1,1,1,0,1,2,13,FALSE,"401166333"
"203","EJ Montgomery","F",29,1,3,0,0,4,4,4,5,9,0,0,3,1,3,6,TRUE,"401166339"
"204","N. Richards","F",34,6,11,0,0,0,0,2,5,7,0,0,3,2,5,12,TRUE,"401166339"
"205","T. Maxey","G",38,10,17,3,4,2,2,0,4,4,0,2,2,2,2,25,TRUE,"401166339"
"206","I. Quickley","G",37,4,12,3,4,7,7,0,5,5,3,1,0,2,3,18,TRUE,"401166339"
"207","A. Hagans","G",32,4,10,0,1,3,6,0,10,10,8,2,0,1,3,11,TRUE,"401166339"
"208","K. Brooks Jr.","F",12,2,3,0,0,0,0,1,2,3,0,0,1,0,1,4,FALSE,"401166339"
"209","N. Sestina","F",8,0,1,0,0,0,0,0,0,0,1,0,3,0,0,0,FALSE,"401166339"
"210","J. Juzang","G",10,1,2,0,0,0,0,1,1,2,0,0,0,0,2,2,FALSE,"401166339"
"211","EJ Montgomery","F",21,0,0,0,0,2,2,4,4,8,0,1,0,0,5,2,TRUE,"401166347"
"212","N. Richards","F",35,6,10,0,0,4,5,2,5,7,0,0,2,1,1,16,TRUE,"401166347"
"213","T. Maxey","G",34,7,13,0,5,0,0,0,5,5,3,1,0,2,3,14,TRUE,"401166347"
"214","I. Quickley","G",39,4,15,1,8,8,10,0,3,3,2,0,0,1,0,17,TRUE,"401166347"
"215","A. Hagans","G",31,3,11,0,5,0,0,0,3,3,3,1,1,4,5,6,TRUE,"401166347"
"216","K. Brooks Jr.","F",11,0,2,0,0,2,2,1,5,6,0,0,1,1,2,2,FALSE,"401166347"
"217","N. Sestina","F",13,2,4,0,0,1,3,1,2,3,0,0,0,1,0,5,FALSE,"401166347"
"218","J. Juzang","G",16,1,4,1,4,2,2,1,1,2,0,0,0,1,0,5,FALSE,"401166347"
"219","EJ Montgomery","F",13,2,3,0,0,0,0,1,1,2,0,0,2,0,3,4,TRUE,"401166356"
"220","N. Richards","F",31,5,8,0,0,3,4,4,2,6,0,0,6,1,4,13,TRUE,"401166356"
"221","T. Maxey","G",37,5,15,1,4,3,4,1,3,4,4,0,1,3,2,14,TRUE,"401166356"
"222","I. Quickley","G",37,7,12,2,4,5,6,0,4,4,5,3,0,1,3,21,TRUE,"401166356"
"223","A. Hagans","G",31,4,8,2,4,1,2,0,3,3,4,0,1,3,0,11,TRUE,"401166356"
"224","K. Brooks Jr.","F",15,1,3,0,0,0,0,1,2,3,0,1,0,0,1,2,FALSE,"401166356"
"225","N. Sestina","F",27,4,8,3,4,0,0,4,4,8,1,1,1,3,3,11,FALSE,"401166356"
"226","J. Juzang","G",9,1,4,1,2,0,0,0,0,0,1,0,0,0,1,3,FALSE,"401166356"
"227","EJ Montgomery","F",30,3,4,0,0,0,0,0,2,2,0,0,2,1,3,6,TRUE,"401166363"
"228","N. Richards","F",29,4,7,0,0,1,1,3,3,6,0,0,0,2,3,9,TRUE,"401166363"
"229","J. Juzang","G",10,0,1,0,1,0,0,1,2,3,0,0,0,1,0,0,TRUE,"401166363"
"230","T. Maxey","G",38,5,11,0,2,3,3,1,6,7,7,2,0,2,3,13,TRUE,"401166363"
"231","I. Quickley","G",38,8,17,4,6,6,6,0,2,2,0,3,0,1,1,26,TRUE,"401166363"
"232","K. Brooks Jr.","F",10,1,2,0,0,0,0,0,3,3,0,0,0,0,0,2,FALSE,"401166363"
"233","N. Sestina","F",11,1,4,0,2,0,0,0,1,1,0,0,0,0,4,2,FALSE,"401166363"
"234","A. Hagans","G",34,3,7,1,4,0,0,0,2,2,4,3,0,6,1,7,FALSE,"401166363"
"235","EJ Montgomery","F",38,3,5,0,1,2,2,5,5,10,3,2,1,3,2,8,TRUE,"401166368"
"236","N. Richards","F",27,1,1,0,0,2,2,0,6,6,0,0,2,1,4,4,TRUE,"401166368"
"237","T. Maxey","G",38,5,13,2,6,1,2,0,5,5,3,1,1,2,0,13,TRUE,"401166368"
"238","I. Quickley","G",37,11,19,8,12,0,0,0,5,5,2,1,1,3,3,30,TRUE,"401166368"
"239","A. Hagans","G",39,3,5,0,0,5,5,1,3,4,7,1,0,5,3,11,TRUE,"401166368"
"240","K. Brooks Jr.","F",2,0,0,0,0,0,0,0,0,0,0,0,0,0,2,0,FALSE,"401166368"
"241","N. Sestina","F",13,1,1,1,1,0,0,0,0,0,1,0,0,0,3,3,FALSE,"401166368"
"242","J. Juzang","G",6,0,2,0,2,0,0,0,1,1,1,0,0,1,1,0,FALSE,"401166368"
"243","EJ Montgomery","F",31,1,2,0,0,3,4,1,5,6,0,0,0,0,2,5,TRUE,"401166378"
"244","N. Richards","F",18,5,5,0,0,4,6,1,2,3,0,0,2,2,4,14,TRUE,"401166378"
"245","T. Maxey","G",37,5,13,0,3,7,8,2,5,7,4,2,0,1,3,17,TRUE,"401166378"
"246","I. Quickley","G",40,3,10,1,5,11,11,0,12,12,2,1,0,1,4,18,TRUE,"401166378"
"247","A. Hagans","G",34,2,13,0,3,0,0,0,3,3,5,3,0,1,3,4,TRUE,"401166378"
"248","K. Brooks Jr.","F",12,2,3,0,0,0,0,1,2,3,0,1,0,1,2,4,FALSE,"401166378"
"249","N. Sestina","F",19,4,6,1,2,2,4,2,0,2,0,0,0,0,3,11,FALSE,"401166378"
"250","J. Juzang","G",9,0,0,0,0,0,0,0,0,0,0,0,0,1,2,0,FALSE,"401166378"
"251","N. Richards","F",30,2,5,0,0,8,10,1,8,9,0,0,2,3,3,12,TRUE,"401166381"
"252","N. Sestina","F",15,1,1,0,0,0,0,1,0,1,1,1,0,0,3,2,TRUE,"401166381"
"253","T. Maxey","G",37,8,15,2,4,3,3,0,0,0,1,0,0,2,3,21,TRUE,"401166381"
"254","I. Quickley","G",39,5,16,2,5,3,3,0,3,3,3,3,0,4,3,15,TRUE,"401166381"
"255","A. Hagans","G",26,4,10,0,2,3,4,1,0,1,4,1,0,3,3,11,TRUE,"401166381"
"256","K. Brooks Jr.","F",10,2,2,0,0,0,0,1,0,1,0,0,1,0,0,4,FALSE,"401166381"
"257","EJ Montgomery","F",27,1,4,0,0,0,0,4,2,6,0,1,0,1,4,2,FALSE,"401166381"
"258","J. Juzang","G",16,2,3,2,2,0,0,0,3,3,0,0,1,1,1,6,FALSE,"401166381"
"259","K. Brooks Jr.","F",27,4,5,2,2,0,0,0,3,3,0,2,0,0,3,10,TRUE,"401166388"
"260","EJ Montgomery","F",24,2,4,0,0,0,0,1,1,2,0,0,0,1,1,4,TRUE,"401166388"
"261","N. Richards","F",30,8,18,0,0,3,5,4,3,7,0,0,0,3,3,19,TRUE,"401166388"
"262","T. Maxey","G",39,1,11,1,3,4,4,1,4,5,7,1,0,1,1,7,TRUE,"401166388"
"263","I. Quickley","G",21,5,8,2,2,0,0,1,1,2,0,0,0,3,5,12,TRUE,"401166388"
"264","N. Sestina","F",26,3,5,1,2,2,2,5,1,6,0,1,0,0,2,9,FALSE,"401166388"
"265","J. Juzang","G",33,4,6,2,4,0,0,1,1,2,2,0,0,1,1,10,FALSE,"401166388"
