"","player","position","MIN","FGM","FGA","3PTM","3PTA","FTM","FTA","OREB","DREB","REB","AST","STL","BLK","TO","PF","PTS","GP","GS"
"1","B. Canada","F",1.44444444444444,0.333333333333333,0.444444444444444,0,0.111111111111111,0,0,0.111111111111111,0,0.111111111111111,0.111111111111111,0,0.111111111111111,0,0,0.666666666666667,9,0
"2","B. Hopkins","F",6.42857142857143,0.857142857142857,2,0.178571428571429,0.571428571428571,0.25,0.464285714285714,0.642857142857143,0.75,1.39285714285714,0.25,0.142857142857143,0.107142857142857,0.535714285714286,0.5,2.14285714285714,28,0
"3","D. Allen","G",6.36842105263158,0.789473684210526,2.68421052631579,0.368421052631579,1.94736842105263,0.210526315789474,0.210526315789474,0.263157894736842,0.894736842105263,1.15789473684211,0.315789473684211,0.105263157894737,0.157894736842105,0.210526315789474,0.578947368421053,2.15789473684211,19,0
"4","D. Collins","F",7.48148148148148,1.11111111111111,1.92592592592593,0,0.111111111111111,0.666666666666667,0.777777777777778,0.666666666666667,1.37037037037037,2.03703703703704,0.148148148148148,0.222222222222222,0.740740740740741,0.592592592592593,1.22222222222222,2.88888888888889,27,1
"5","D. Mintz","G",24.741935483871,2.7741935483871,7.29032258064516,1.41935483870968,4.16129032258065,1.51612903225806,2.16129032258065,0.67741935483871,1.48387096774194,2.16129032258065,1.7741935483871,0.612903225806452,0.129032258064516,1,1.67741935483871,8.48387096774194,31,6
"6","J. Toppin","F",17.6896551724138,2.41379310344828,4.3448275862069,0.137931034482759,0.344827586206897,1.20689655172414,1.62068965517241,1,2.20689655172414,3.20689655172414,1.10344827586207,0.344827586206897,0.551724137931034,0.586206896551724,1.20689655172414,6.17241379310345,29,4
"7","K. Brooks Jr.","F",24.4545454545455,4.21212121212121,8.57575757575758,0.212121212121212,0.909090909090909,2.18181818181818,2.78787878787879,1.54545454545455,2.84848484848485,4.39393939393939,1,0.696969696969697,0.636363636363636,1.33333333333333,1.84848484848485,10.8181818181818,33,33
"8","K. Grady","G",32.8823529411765,3.97058823529412,8.91176470588235,2.58823529411765,6.20588235294118,0.852941176470588,1.14705882352941,0.294117647058824,1.82352941176471,2.11764705882353,1.29411764705882,0.794117647058823,0.0588235294117647,0.794117647058823,1.14705882352941,11.3823529411765,34,34
"9","K. Watkins","G",1.44444444444444,0,0.111111111111111,0,0,0,0,0.111111111111111,0.222222222222222,0.333333333333333,0.222222222222222,0.222222222222222,0,0.333333333333333,0.222222222222222,0,9,0
"10","L. Ware","F",6.32142857142857,0.571428571428571,0.857142857142857,0,0.0357142857142857,0.357142857142857,0.821428571428571,0.571428571428571,1.32142857142857,1.89285714285714,0.107142857142857,0.178571428571429,0.392857142857143,0.5,1.17857142857143,1.5,28,0
"11","O. Tshiebwe","F",31.8529411764706,7,11.5588235294118,0,0,3.35294117647059,4.85294117647059,5.26470588235294,9.88235294117647,15.1470588235294,1.05882352941176,1.76470588235294,1.61764705882353,1.94117647058824,2.58823529411765,17.3529411764706,34,34
"12","S. Wheeler","G",31.2333333333333,4,9.06666666666667,0.533333333333333,1.73333333333333,1.53333333333333,1.96666666666667,0.6,1.96666666666667,2.56666666666667,6.9,1.1,0.0666666666666667,3.03333333333333,2.36666666666667,10.0666666666667,30,29
"13","T. Washington Jr.","G",29.1935483870968,4.90322580645161,10.8709677419355,1.16129032258065,3.32258064516129,1.54838709677419,2.06451612903226,0.645161290322581,2.80645161290323,3.45161290322581,3.87096774193548,1.29032258064516,0.193548387096774,1.64516129032258,1.51612903225806,12.5161290322581,31,29
"14","Z. Payne","G",1.44444444444444,0.222222222222222,0.666666666666667,0,0.333333333333333,0.444444444444444,0.444444444444444,0,0.222222222222222,0.222222222222222,0,0.111111111111111,0,0.111111111111111,0.111111111111111,0.888888888888889,9,0
