"","player","position","MIN","FGM","FGA","3PTM","3PTA","FTM","FTA","OREB","DREB","REB","AST","STL","BLK","TO","PF","PTS","GP","GS"
"1","A. Harrison","G",32.125,3.6875,9.2625,1.1875,3.35,3.725,4.8,0.7125,2.3375,3.05,2.9125,0.8,0.2625,2.175,2.55,12.2875,80,79
"2","A. Poythress","F",18.35,2.2,4.425,0.2,0.825,1.25,2,1.8,2.725,4.525,0.425,0.3,0.725,0.95,2.125,5.85,40,0
"3","B. Long","G",1,0,0,0,0,0,0,0,0,0,0,0,0,0,0,0,1,0
"4","D. Hawkins","G",8.57575757575758,0.272727272727273,0.939393939393939,0.0606060606060606,0.484848484848485,0.151515151515152,0.393939393939394,0.212121212121212,0.484848484848485,0.696969696969697,0.363636363636364,0.121212121212121,0.0303030303030303,0.181818181818182,1.12121212121212,0.757575757575758,33,0
"5","D. Johnson","C",14.1025641025641,2.1025641025641,3.69230769230769,0,0,0.974358974358974,2.17948717948718,2.02564102564103,1.92307692307692,3.94871794871795,0.282051282051282,0.230769230769231,0.58974358974359,0.641025641025641,2.02564102564103,5.17948717948718,39,18
"6","D. Willis","F",2.78571428571429,0.214285714285714,0.642857142857143,0.0714285714285714,0.428571428571429,0.642857142857143,0.857142857142857,0.0714285714285714,0.5,0.571428571428571,0,0.0714285714285714,0,0.285714285714286,0,1.14285714285714,14,0
"7","E.J. Floreal","G",1.33333333333333,0.333333333333333,0.333333333333333,0,0,0,0,0,0.333333333333333,0.333333333333333,0,0.333333333333333,0.333333333333333,0,0.333333333333333,0.666666666666667,3,0
"8","J. Hood","C",3.61538461538462,0.307692307692308,1,0.230769230769231,0.769230769230769,0.307692307692308,0.307692307692308,0.0769230769230769,0.230769230769231,0.307692307692308,0.384615384615385,0.153846153846154,0,0.307692307692308,0.384615384615385,1.15384615384615,13,1
"9","J. Polson","C",8.51515151515152,0.333333333333333,1.09090909090909,0.272727272727273,0.757575757575758,0.0303030303030303,0.0909090909090909,0.151515151515152,0.484848484848485,0.636363636363636,0.515151515151515,0.0606060606060606,0.0606060606060606,0.272727272727273,0.787878787878788,0.96969696969697,33,1
"10","J. Randle","F",30.825,4.9,9.8,0.075,0.45,5.1,7.225,3.5,6.925,10.425,1.425,0.5,0.775,2.525,2.275,14.975,40,40
"11","J. Young","G",32.4,4.575,11.25,2.05,5.875,3.125,4.425,1.025,3.25,4.275,1.675,0.75,0.2,1.875,2.075,14.325,40,39
"12","M. Lee","F",6.28,1.04,1.68,0,0,0.28,0.64,0.84,0.6,1.44,0.08,0,0.56,0.16,0.76,2.36,25,4
"13","S. Malone","G",0,0,0,0,0,0,0,0,0,0,0,0,0,0,0,0,1,0
"14","W. Cauley-Stein","F",23.7837837837838,2.86486486486486,4.81081081081081,0,0,1.08108108108108,2.24324324324324,2.54054054054054,3.54054054054054,6.08108108108108,0.675675675675676,1.18918918918919,2.86486486486486,0.837837837837838,2.64864864864865,6.81081081081081,37,18
