"","player","position","MIN","FGM","FGA","3PTM","3PTA","FTM","FTA","OREB","DREB","REB","AST","STL","BLK","TO","PF","PTS","starter","game_id"
"1","J. Randle","F",26,6,13,0,0,11,13,6,10,16,1,0,0,2,3,23,TRUE,"400498440"
"2","W. Cauley-Stein","F",18,1,3,0,0,1,2,4,2,6,4,3,4,0,3,3,TRUE,"400498440"
"3","A. Harrison","G",29,1,3,0,1,6,9,0,0,0,5,0,0,1,3,8,TRUE,"400498440"
"4","A. Harrison","G",32,3,8,1,3,3,6,0,5,5,0,4,1,2,2,10,TRUE,"400498440"
"5","J. Young","G",29,3,10,2,5,3,6,2,2,4,1,0,1,1,2,11,TRUE,"400498440"
"6","D. Willis","F",4,0,0,0,0,2,2,0,0,0,0,0,0,1,0,2,FALSE,"400498440"
"7","M. Lee","F",15,7,8,0,0,3,7,1,0,1,0,0,0,0,1,17,FALSE,"400498440"
"8","A. Poythress","F",21,5,9,0,1,0,1,6,7,13,0,0,0,0,2,10,FALSE,"400498440"
"9","D. Johnson","C",9,2,5,0,0,1,2,0,1,1,0,0,0,0,4,5,FALSE,"400498440"
"10","J. Polson","C",7,0,0,0,0,0,0,0,0,0,0,0,0,0,0,0,FALSE,"400498440"
"11","J. Hood","C",6,0,1,0,1,0,0,0,0,0,1,1,0,0,0,0,FALSE,"400498440"
"12","D. Hawkins","G",4,0,0,0,0,0,0,0,1,1,0,0,0,0,0,0,FALSE,"400498440"
"13","J. Randle","F",29,6,7,0,1,10,14,5,9,14,3,0,1,2,2,22,TRUE,"400499025"
"14","W. Cauley-Stein","F",20,3,5,0,0,1,2,5,6,11,0,1,0,0,2,7,TRUE,"400499025"
"15","A. Harrison","G",26,4,7,2,3,3,3,0,2,2,2,0,0,1,2,13,TRUE,"400499025"
"16","A. Harrison","G",23,6,10,1,5,3,4,1,0,1,1,1,1,0,3,16,TRUE,"400499025"
"17","J. Young","G",27,2,8,1,6,0,0,0,1,1,1,0,0,2,0,5,TRUE,"400499025"
"18","D. Willis","F",6,1,2,1,2,3,6,0,2,2,0,0,0,2,0,6,FALSE,"400499025"
"19","M. Lee","F",14,1,2,0,0,1,2,3,3,6,0,0,2,1,0,3,FALSE,"400499025"
"20","A. Poythress","F",20,4,7,1,2,0,0,1,6,7,2,1,0,0,1,9,FALSE,"400499025"
"21","D. Johnson","C",17,2,4,0,0,3,5,1,3,4,1,0,1,1,0,7,FALSE,"400499025"
"22","J. Polson","C",6,0,0,0,0,0,0,0,0,0,0,0,0,1,2,0,FALSE,"400499025"
"23","J. Hood","C",6,1,2,1,2,2,2,0,1,1,1,0,0,2,2,5,FALSE,"400499025"
"24","D. Hawkins","G",6,0,1,0,1,0,0,0,1,1,1,0,0,0,0,0,FALSE,"400499025"
"25","J. Randle","F",35,9,14,0,1,9,15,4,9,13,1,0,0,8,4,27,TRUE,"400506311"
"26","W. Cauley-Stein","F",27,2,4,0,0,1,3,3,4,7,0,0,2,1,2,5,TRUE,"400506311"
"27","A. Harrison","G",38,3,6,1,1,4,4,0,1,1,3,0,0,4,4,11,TRUE,"400506311"
"28","A. Harrison","G",18,1,7,0,5,1,2,0,1,1,2,0,1,2,2,3,TRUE,"400506311"
"29","J. Young","G",34,7,16,3,11,2,5,2,2,4,2,1,0,1,0,19,TRUE,"400506311"
"30","M. Lee","F",1,0,0,0,0,0,0,0,1,1,0,0,0,0,0,0,FALSE,"400506311"
"31","A. Poythress","F",27,2,6,0,2,3,4,7,5,12,0,0,3,1,2,7,FALSE,"400506311"
"32","D. Johnson","C",14,1,2,0,0,0,3,2,3,5,0,0,0,0,4,2,FALSE,"400506311"
"33","D. Hawkins","G",6,0,0,0,0,0,0,0,0,0,0,0,0,0,1,0,FALSE,"400506311"
"34","J. Randle","F",28,5,9,0,0,0,1,5,10,15,2,0,2,3,1,10,TRUE,"400498723"
"35","M. Lee","F",10,1,1,0,0,0,0,2,1,3,1,0,2,0,2,2,TRUE,"400498723"
"36","A. Harrison","G",29,2,4,2,4,2,4,0,8,8,2,1,0,2,3,8,TRUE,"400498723"
"37","A. Harrison","G",27,7,12,4,7,10,10,1,3,4,3,2,1,2,1,28,TRUE,"400498723"
"38","J. Young","G",24,4,11,1,6,1,2,0,3,3,2,2,0,3,2,10,TRUE,"400498723"
"39","D. Willis","F",4,1,2,0,0,4,4,0,1,1,0,0,0,0,0,6,FALSE,"400498723"
"40","A. Poythress","F",12,1,5,0,1,0,2,2,2,4,3,1,0,2,2,2,FALSE,"400498723"
"41","W. Cauley-Stein","F",25,2,4,0,0,3,6,4,9,13,2,1,4,2,2,7,FALSE,"400498723"
"42","D. Johnson","C",13,2,3,0,0,4,5,2,1,3,0,0,0,1,3,8,FALSE,"400498723"
"43","J. Polson","C",4,0,0,0,0,0,0,0,0,0,1,0,0,0,1,0,FALSE,"400498723"
"44","J. Hood","C",4,0,1,0,0,0,0,0,0,0,1,0,0,0,0,0,FALSE,"400498723"
"45","D. Hawkins","G",18,2,4,0,1,0,0,1,0,1,3,1,1,0,1,4,FALSE,"400498723"
"46","E.J. Floreal","G",2,1,1,0,0,0,0,0,1,1,0,1,1,0,1,2,FALSE,"400498723"
"47","J. Randle","F",29,7,12,0,1,8,10,5,5,10,4,0,2,2,3,22,TRUE,"400502345"
"48","M. Lee","F",12,4,5,0,0,2,2,2,0,2,0,0,3,0,2,10,TRUE,"400502345"
"49","A. Harrison","G",29,3,7,2,2,7,8,2,1,3,6,1,0,2,3,15,TRUE,"400502345"
"50","A. Harrison","G",29,2,11,0,5,1,2,0,2,2,2,0,0,3,1,5,TRUE,"400502345"
"51","J. Young","G",29,8,14,5,10,5,7,1,1,2,3,2,0,0,3,26,TRUE,"400502345"
"52","D. Willis","F",2,0,0,0,0,0,0,0,0,0,0,0,0,0,0,0,FALSE,"400502345"
"53","A. Poythress","F",15,0,2,0,0,0,2,1,3,4,1,0,1,0,2,0,FALSE,"400502345"
"54","W. Cauley-Stein","F",24,6,8,0,0,2,3,4,6,10,1,2,1,0,4,14,FALSE,"400502345"
"55","D. Johnson","C",13,4,7,0,0,0,2,4,4,8,0,0,1,1,1,8,FALSE,"400502345"
"56","J. Polson","C",3,0,0,0,0,0,0,0,0,0,1,0,0,0,0,0,FALSE,"400502345"
"57","J. Hood","C",2,0,0,0,0,2,2,0,0,0,0,1,0,0,0,2,FALSE,"400502345"
"58","D. Hawkins","G",13,1,3,1,1,0,1,0,1,1,0,1,0,0,2,3,FALSE,"400502345"
"59","J. Randle","F",38,3,10,0,0,9,11,7,8,15,2,0,0,5,1,15,TRUE,"400506320"
"60","M. Lee","F",4,1,2,0,0,0,0,0,1,1,0,0,1,0,1,2,TRUE,"400506320"
"61","A. Harrison","G",21,4,9,0,4,4,5,0,0,0,5,0,0,1,5,12,TRUE,"400506320"
"62","A. Harrison","G",32,3,8,1,3,4,6,1,0,1,0,0,0,0,3,11,TRUE,"400506320"
"63","J. Young","G",39,3,11,1,4,2,2,2,3,5,3,0,1,3,1,9,TRUE,"400506320"
"64","A. Poythress","F",15,2,6,1,2,2,2,3,4,7,0,0,1,1,1,7,FALSE,"400506320"
"65","W. Cauley-Stein","F",30,3,6,0,0,5,7,1,3,4,0,2,4,0,1,11,FALSE,"400506320"
"66","D. Johnson","C",7,0,0,0,0,0,0,1,1,2,0,0,0,0,1,0,FALSE,"400506320"
"67","D. Hawkins","G",14,0,1,0,1,1,2,0,1,1,0,0,0,1,3,1,FALSE,"400506320"
"68","J. Randle","F",22,5,10,0,1,4,4,6,4,10,0,0,0,5,2,14,TRUE,"400506322"
"69","M. Lee","F",8,1,3,0,0,0,0,1,2,3,0,0,1,0,0,2,TRUE,"400506322"
"70","A. Harrison","G",26,2,6,0,1,4,5,0,0,0,3,0,1,5,4,8,TRUE,"400506322"
"71","A. Harrison","G",37,5,12,3,7,9,11,0,7,7,2,0,0,0,3,22,TRUE,"400506322"
"72","J. Young","G",37,1,8,0,6,4,5,1,5,6,4,1,0,5,2,6,TRUE,"400506322"
"73","A. Poythress","F",23,1,1,0,0,1,2,2,4,6,0,1,0,2,1,3,FALSE,"400506322"
"74","W. Cauley-Stein","F",25,6,12,0,0,3,7,3,5,8,2,1,7,2,2,15,FALSE,"400506322"
"75","D. Johnson","C",10,4,5,0,0,2,4,4,3,7,0,0,0,0,2,10,FALSE,"400506322"
"76","J. Polson","C",2,0,0,0,0,0,0,0,0,0,0,0,0,0,0,0,FALSE,"400506322"
"77","D. Hawkins","G",10,0,1,0,1,1,2,0,1,1,0,0,0,1,1,1,FALSE,"400506322"
"78","J. Randle","F",34,4,10,0,0,4,7,0,8,8,4,1,0,2,3,12,TRUE,"400504482"
"79","W. Cauley-Stein","F",36,7,8,0,0,1,1,3,5,8,1,0,9,1,4,15,TRUE,"400504482"
"80","A. Harrison","G",22,0,2,0,0,8,8,0,2,2,1,0,0,3,4,8,TRUE,"400504482"
"81","A. Harrison","G",38,7,9,1,2,0,1,1,2,3,4,0,0,2,3,15,TRUE,"400504482"
"82","J. Young","G",33,5,7,3,4,5,6,0,3,3,1,1,0,2,4,18,TRUE,"400504482"
"83","D. Willis","F",1,0,0,0,0,0,0,0,0,0,0,0,0,0,0,0,FALSE,"400504482"
"84","M. Lee","F",0,0,0,0,0,0,0,0,0,0,0,0,0,0,0,0,FALSE,"400504482"
"85","A. Poythress","F",15,2,3,1,1,0,0,0,1,1,0,0,2,2,1,5,FALSE,"400504482"
"86","D. Johnson","C",4,0,1,0,0,1,2,1,2,3,0,0,0,1,2,1,FALSE,"400504482"
"87","D. Hawkins","G",17,2,2,1,1,0,0,0,1,1,1,1,0,0,1,5,FALSE,"400504482"
"88","J. Randle","F",38,5,10,0,0,6,8,3,5,8,4,0,1,2,1,16,TRUE,"400506830"
"89","W. Cauley-Stein","F",33,4,7,0,0,0,2,1,2,3,2,0,3,0,2,8,TRUE,"400506830"
"90","A. Harrison","G",35,2,9,1,4,2,4,1,0,1,6,0,1,1,4,7,TRUE,"400506830"
"91","A. Harrison","G",35,4,9,3,5,4,4,0,2,2,6,0,0,3,4,15,TRUE,"400506830"
"92","J. Young","G",38,5,11,4,7,0,2,0,2,2,1,0,0,2,0,14,TRUE,"400506830"
"93","M. Lee","F",4,0,0,0,0,0,1,0,2,2,0,0,0,0,2,0,FALSE,"400506830"
"94","A. Poythress","F",6,0,1,0,0,0,2,1,1,2,0,0,0,1,3,0,FALSE,"400506830"
"95","D. Johnson","C",4,0,1,0,0,0,0,1,0,1,0,0,0,0,0,0,FALSE,"400506830"
"96","D. Hawkins","G",7,1,2,0,1,0,0,0,1,1,0,0,0,0,0,2,FALSE,"400506830"
"97","J. Randle","F",28,7,11,0,0,3,4,3,8,11,1,0,1,4,1,17,TRUE,"400505525"
"98","W. Cauley-Stein","F",25,3,3,0,0,0,2,4,3,7,0,1,9,2,2,6,TRUE,"400505525"
"99","A. Harrison","G",31,4,7,0,1,5,7,0,3,3,2,0,0,3,3,13,TRUE,"400505525"
"100","A. Harrison","G",38,6,12,0,4,1,1,0,4,4,1,3,0,3,0,13,TRUE,"400505525"
"101","J. Young","G",31,7,15,4,11,3,4,1,8,9,0,0,0,5,0,21,TRUE,"400505525"
"102","A. Poythress","F",17,0,1,0,0,0,0,2,1,3,1,0,0,0,2,0,FALSE,"400505525"
"103","D. Johnson","C",11,0,0,0,0,0,0,0,1,1,0,0,0,0,1,0,FALSE,"400505525"
"104","J. Polson","C",1,0,0,0,0,0,0,0,0,0,0,0,0,0,0,0,FALSE,"400505525"
"105","D. Hawkins","G",18,0,2,0,1,0,0,0,0,0,2,0,0,1,3,0,FALSE,"400505525"
"106","J. Randle","F",29,3,9,0,0,5,6,0,5,5,0,0,1,4,4,11,TRUE,"400502733"
"107","W. Cauley-Stein","F",29,2,3,0,0,1,2,5,7,12,1,2,5,4,4,5,TRUE,"400502733"
"108","A. Harrison","G",37,3,11,1,4,10,17,2,4,6,7,1,0,4,4,17,TRUE,"400502733"
"109","A. Harrison","G",24,8,12,1,1,3,3,2,1,3,0,2,0,1,2,20,TRUE,"400502733"
"110","J. Young","G",29,3,10,2,6,8,10,1,4,5,1,2,0,1,5,16,TRUE,"400502733"
"111","D. Willis","F",1,0,0,0,0,0,0,0,0,0,0,0,0,0,0,0,FALSE,"400502733"
"112","A. Poythress","F",24,2,4,0,1,2,3,5,3,8,0,0,1,1,5,6,FALSE,"400502733"
"113","D. Johnson","C",7,1,4,0,0,0,0,2,1,3,0,0,0,1,3,2,FALSE,"400502733"
"114","J. Polson","C",2,0,0,0,0,0,0,0,0,0,0,0,0,0,1,0,FALSE,"400502733"
"115","D. Hawkins","G",18,0,1,0,0,0,2,0,1,1,0,0,0,1,2,0,FALSE,"400502733"
"116","J. Randle","F",28,8,10,0,1,13,19,2,8,10,0,0,1,1,5,29,TRUE,"400503134"
"117","W. Cauley-Stein","F",31,8,10,0,0,0,0,4,3,7,1,0,2,1,1,16,TRUE,"400503134"
"118","A. Harrison","G",20,2,5,0,2,3,4,0,2,2,0,0,0,2,4,7,TRUE,"400503134"
"119","A. Harrison","G",27,7,16,1,5,8,11,1,5,6,7,1,1,1,3,23,TRUE,"400503134"
"120","J. Young","G",20,2,5,0,2,2,2,1,0,1,1,0,0,0,2,6,TRUE,"400503134"
"121","D. Willis","F",3,0,0,0,0,0,0,0,1,1,0,0,0,0,0,0,FALSE,"400503134"
"122","M. Lee","F",10,0,1,0,0,0,0,1,1,2,0,0,0,1,0,0,FALSE,"400503134"
"123","A. Poythress","F",18,3,6,1,1,0,0,1,4,5,1,0,0,0,1,7,FALSE,"400503134"
"124","J. Polson","C",21,1,2,1,1,0,0,0,0,0,1,0,0,0,0,3,FALSE,"400503134"
"125","D. Hawkins","G",22,1,3,0,2,0,0,2,2,4,3,1,0,1,1,2,FALSE,"400503134"
"126","J. Randle","F",21,7,8,0,1,3,6,1,2,3,0,0,0,2,1,17,TRUE,"400496936"
"127","W. Cauley-Stein","F",35,1,3,0,0,0,0,3,7,10,0,1,3,0,4,2,TRUE,"400496936"
"128","A. Harrison","G",34,6,16,0,1,6,12,3,1,4,2,1,0,3,3,18,TRUE,"400496936"
"129","A. Harrison","G",30,5,12,0,3,0,0,0,4,4,1,0,0,4,2,10,TRUE,"400496936"
"130","J. Young","G",36,5,17,3,8,5,9,4,6,10,4,1,1,2,2,18,TRUE,"400496936"
"131","A. Poythress","F",21,3,4,0,0,1,2,1,4,5,0,0,0,0,3,7,FALSE,"400496936"
"132","D. Johnson","C",8,0,1,0,0,0,0,1,0,1,1,0,0,0,0,0,FALSE,"400496936"
"133","D. Hawkins","G",15,0,1,0,1,1,1,2,1,3,0,0,0,0,4,1,FALSE,"400496936"
"134","J. Randle","F",21,3,7,0,1,2,4,6,8,14,1,0,0,1,3,8,TRUE,"400506349"
"135","W. Cauley-Stein","F",25,5,6,0,0,2,5,2,2,4,1,1,2,0,2,12,TRUE,"400506349"
"136","A. Harrison","G",30,2,7,1,3,3,4,0,2,2,2,0,0,4,2,8,TRUE,"400506349"
"137","A. Harrison","G",23,1,5,0,3,3,5,0,2,2,3,2,0,3,4,5,TRUE,"400506349"
"138","J. Young","G",35,8,18,3,10,7,9,5,5,10,5,2,1,2,2,26,TRUE,"400506349"
"139","D. Willis","F",3,0,1,0,1,0,0,0,1,1,0,0,0,0,0,0,FALSE,"400506349"
"140","M. Lee","F",5,1,2,0,0,0,0,0,0,0,1,0,1,0,0,2,FALSE,"400506349"
"141","A. Poythress","F",22,5,6,0,0,2,2,1,3,4,2,0,3,2,2,12,FALSE,"400506349"
"142","D. Johnson","C",8,4,4,0,0,0,2,1,0,1,0,0,0,0,1,8,FALSE,"400506349"
"143","J. Polson","C",2,0,0,0,0,0,0,0,0,0,0,0,0,0,0,0,FALSE,"400506349"
"144","J. Hood","C",2,0,0,0,0,0,0,0,0,0,1,0,0,0,0,0,FALSE,"400506349"
"145","D. Hawkins","G",23,1,5,0,2,2,2,0,2,2,2,0,0,0,3,4,FALSE,"400506349"
"146","E.J. Floreal","G",1,0,0,0,0,0,0,0,0,0,0,0,0,0,0,0,FALSE,"400506349"
"147","J. Randle","F",25,3,10,0,0,1,2,6,5,11,0,2,0,4,0,7,TRUE,"400506352"
"148","W. Cauley-Stein","F",31,7,9,0,0,1,4,2,4,6,0,2,1,1,2,15,TRUE,"400506352"
"149","A. Harrison","G",34,3,7,2,3,2,3,4,4,8,4,0,0,0,3,10,TRUE,"400506352"
"150","A. Harrison","G",31,4,9,1,5,5,6,0,4,4,2,2,0,1,0,14,TRUE,"400506352"
"151","J. Young","G",26,2,10,1,7,1,2,1,1,2,4,0,0,2,2,6,TRUE,"400506352"
"152","D. Willis","F",6,0,2,0,2,0,0,1,0,1,0,1,0,0,0,0,FALSE,"400506352"
"153","A. Poythress","F",19,4,7,0,1,1,3,2,2,4,0,0,1,1,0,9,FALSE,"400506352"
"154","D. Johnson","C",9,1,2,0,0,2,2,1,0,1,0,0,0,1,3,4,FALSE,"400506352"
"155","J. Polson","C",14,2,4,2,3,0,0,0,1,1,1,0,0,0,1,6,FALSE,"400506352"
"156","D. Hawkins","G",5,0,1,0,1,0,0,0,1,1,0,0,0,0,1,0,FALSE,"400506352"
"157","J. Randle","F",32,5,11,0,0,10,14,6,8,14,0,0,2,5,4,20,TRUE,"400506360"
"158","W. Cauley-Stein","F",18,1,2,0,0,0,0,0,6,6,0,0,1,0,5,2,TRUE,"400506360"
"159","A. Harrison","G",38,2,9,1,2,2,3,0,4,4,6,1,0,5,2,7,TRUE,"400506360"
"160","A. Harrison","G",24,5,8,2,3,4,5,1,0,1,1,0,1,2,4,16,TRUE,"400506360"
"161","J. Young","G",40,8,17,2,6,5,8,2,4,6,2,2,0,3,3,23,TRUE,"400506360"
"162","M. Lee","F",10,0,0,0,0,1,4,0,1,1,0,0,0,0,2,1,FALSE,"400506360"
"163","A. Poythress","F",32,5,7,0,0,2,2,1,5,6,0,0,2,0,4,12,FALSE,"400506360"
"164","D. Johnson","C",9,1,2,0,0,2,4,2,2,4,1,0,1,0,2,4,FALSE,"400506360"
"165","J. Polson","C",17,0,0,0,0,0,0,0,2,2,1,0,1,1,3,0,FALSE,"400506360"
"166","D. Hawkins","G",5,0,0,0,0,0,0,0,0,0,0,0,0,0,2,0,FALSE,"400506360"
"167","J. Randle","F",33,6,9,1,2,5,5,1,1,2,4,1,1,4,2,18,TRUE,"400506366"
"168","W. Cauley-Stein","F",19,0,5,0,0,0,0,2,1,3,0,2,1,0,2,0,TRUE,"400506366"
"169","A. Harrison","G",33,7,13,2,3,10,10,0,2,2,3,1,0,0,1,26,TRUE,"400506366"
"170","A. Harrison","G",26,3,7,2,4,6,7,0,4,4,1,2,0,2,4,14,TRUE,"400506366"
"171","J. Young","G",36,3,9,2,5,0,0,0,1,1,0,0,0,1,2,8,TRUE,"400506366"
"172","A. Poythress","F",21,1,4,0,2,2,2,1,2,3,2,0,2,1,1,4,FALSE,"400506366"
"173","D. Johnson","C",16,2,3,0,0,0,0,2,2,4,0,0,0,0,2,4,FALSE,"400506366"
"174","J. Polson","C",9,0,0,0,0,0,0,0,0,0,1,0,0,0,1,0,FALSE,"400506366"
"175","D. Hawkins","G",7,0,0,0,0,0,0,0,0,0,0,0,0,0,2,0,FALSE,"400506366"
"176","J. Randle","F",29,4,6,0,1,5,6,4,7,11,3,1,2,1,3,13,TRUE,"400506374"
"177","W. Cauley-Stein","F",9,0,2,0,0,1,4,1,0,1,0,0,0,2,4,1,TRUE,"400506374"
"178","A. Harrison","G",38,3,12,2,7,0,0,1,7,8,4,0,0,4,2,8,TRUE,"400506374"
"179","A. Harrison","G",27,1,5,1,3,3,4,0,1,1,2,2,0,1,4,6,TRUE,"400506374"
"180","J. Young","G",36,6,11,2,6,1,2,2,5,7,2,2,0,1,2,15,TRUE,"400506374"
"181","M. Lee","F",3,0,0,0,0,0,0,0,0,0,0,0,0,0,0,0,FALSE,"400506374"
"182","A. Poythress","F",25,4,7,0,1,8,9,1,4,5,0,0,2,3,2,16,FALSE,"400506374"
"183","D. Johnson","C",24,3,4,0,0,0,2,2,5,7,0,1,3,2,1,6,FALSE,"400506374"
"184","J. Polson","C",8,1,2,1,2,0,0,1,1,2,1,0,0,0,2,3,FALSE,"400506374"
"185","D. Hawkins","G",1,0,1,0,1,0,0,0,0,0,0,0,0,1,0,0,FALSE,"400506374"
"186","J. Randle","F",32,4,8,1,1,5,5,4,5,9,3,0,1,3,2,14,TRUE,"400506381"
"187","W. Cauley-Stein","F",26,3,7,0,0,2,2,3,0,3,1,6,6,2,1,8,TRUE,"400506381"
"188","A. Harrison","G",29,3,9,1,2,0,0,0,3,3,5,1,1,3,3,7,TRUE,"400506381"
"189","A. Harrison","G",30,6,10,0,2,3,3,0,0,0,3,1,1,0,2,15,TRUE,"400506381"
"190","J. Young","G",32,5,10,3,7,0,0,0,2,2,1,1,0,1,2,13,TRUE,"400506381"
"191","D. Willis","F",6,1,1,0,0,0,0,0,2,2,0,0,0,0,0,2,FALSE,"400506381"
"192","M. Lee","F",3,1,2,0,0,0,0,1,0,1,0,0,0,0,0,2,FALSE,"400506381"
"193","A. Poythress","F",16,3,5,0,0,5,8,1,4,5,1,0,0,2,3,11,FALSE,"400506381"
"194","D. Johnson","C",10,1,1,0,0,1,2,0,1,1,0,0,2,0,4,3,FALSE,"400506381"
"195","J. Polson","C",11,1,3,0,0,0,0,0,0,0,1,0,0,0,1,2,FALSE,"400506381"
"196","J. Hood","C",2,1,1,0,0,0,0,0,1,1,1,0,0,0,0,2,FALSE,"400506381"
"197","D. Hawkins","G",3,0,1,0,0,0,0,0,0,0,0,0,0,0,1,0,FALSE,"400506381"
"198","J. Randle","F",27,3,11,0,0,0,1,1,4,5,1,3,1,3,3,6,TRUE,"400506388"
"199","W. Cauley-Stein","F",17,1,5,0,0,1,2,1,5,6,1,1,0,1,1,3,TRUE,"400506388"
"200","A. Harrison","G",35,2,7,0,1,4,4,0,0,0,1,0,0,1,3,8,TRUE,"400506388"
"201","A. Harrison","G",30,5,13,3,5,1,2,2,4,6,1,0,0,4,1,14,TRUE,"400506388"
"202","J. Young","G",38,9,18,5,12,0,0,0,7,7,2,1,1,0,2,23,TRUE,"400506388"
"203","A. Poythress","F",17,4,8,0,0,2,2,5,2,7,0,0,1,3,3,10,FALSE,"400506388"
"204","D. Johnson","C",20,7,8,0,0,1,2,5,1,6,1,1,1,0,5,15,FALSE,"400506388"
"205","J. Polson","C",12,1,3,1,2,0,0,0,2,2,1,0,0,1,0,3,FALSE,"400506388"
"206","D. Hawkins","G",4,0,0,0,0,0,0,0,0,0,0,0,0,0,1,0,FALSE,"400506388"
"207","J. Randle","F",37,7,13,0,0,4,5,5,4,9,3,3,1,2,3,18,TRUE,"400506394"
"208","D. Johnson","C",11,1,3,0,0,0,1,0,1,1,0,0,0,1,4,2,TRUE,"400506394"
"209","J. Young","G",38,8,14,4,7,0,1,0,2,2,2,0,0,1,2,20,TRUE,"400506394"
"210","A. Harrison","G",31,4,8,2,2,4,6,0,1,1,4,2,0,1,4,14,TRUE,"400506394"
"211","A. Harrison","G",36,6,10,1,3,8,8,0,2,2,1,0,0,0,0,21,TRUE,"400506394"
"212","M. Lee","F",9,1,1,0,0,0,0,0,1,1,0,0,1,0,1,2,FALSE,"400506394"
"213","A. Poythress","F",16,3,5,1,1,0,0,1,2,3,0,0,1,2,4,7,FALSE,"400506394"
"214","W. Cauley-Stein","F",7,0,1,0,0,0,2,0,0,0,0,0,1,0,4,0,FALSE,"400506394"
"215","J. Polson","C",13,0,1,0,1,0,0,1,1,2,1,0,0,0,1,0,FALSE,"400506394"
"216","D. Hawkins","G",2,0,0,0,0,0,1,1,1,2,0,0,0,0,0,0,FALSE,"400506394"
"217","J. Randle","F",25,2,6,0,0,8,10,1,4,5,0,0,1,0,1,12,TRUE,"400506401"
"218","D. Johnson","C",9,2,4,0,0,1,2,1,1,2,0,0,4,1,1,5,TRUE,"400506401"
"219","A. Harrison","G",34,3,4,0,1,3,4,0,2,2,5,0,0,3,2,9,TRUE,"400506401"
"220","A. Harrison","G",34,5,10,2,5,4,4,2,4,6,2,1,0,2,1,16,TRUE,"400506401"
"221","J. Young","G",34,2,8,0,5,6,10,2,1,3,1,1,0,1,2,10,TRUE,"400506401"
"222","D. Willis","F",1,0,1,0,1,0,0,0,0,0,0,0,0,0,0,0,FALSE,"400506401"
"223","M. Lee","F",1,0,0,0,0,0,0,0,0,0,0,0,0,0,0,0,FALSE,"400506401"
"224","A. Poythress","F",20,5,9,0,0,0,1,3,4,7,0,0,1,0,2,10,FALSE,"400506401"
"225","W. Cauley-Stein","F",29,7,8,0,0,4,5,5,6,11,2,1,6,2,2,18,FALSE,"400506401"
"226","J. Polson","C",8,0,1,0,1,0,0,0,0,0,0,0,0,0,2,0,FALSE,"400506401"
"227","J. Hood","C",1,0,0,0,0,0,0,0,0,0,0,0,0,0,0,0,FALSE,"400506401"
"228","D. Hawkins","G",4,0,0,0,0,0,0,0,0,0,0,0,0,0,0,0,FALSE,"400506401"
"229","J. Randle","F",34,8,13,0,0,0,3,0,7,7,1,1,1,4,4,16,TRUE,"400506409"
"230","D. Johnson","C",21,3,3,0,0,3,3,3,5,8,0,0,1,0,1,9,TRUE,"400506409"
"231","A. Harrison","G",15,2,3,0,1,1,1,1,2,3,3,1,0,2,5,5,TRUE,"400506409"
"232","A. Harrison","G",36,4,15,1,6,0,1,1,5,6,6,2,1,2,0,9,TRUE,"400506409"
"233","J. Young","G",20,3,8,1,4,4,4,1,0,1,0,1,0,0,4,11,TRUE,"400506409"
"234","D. Willis","F",1,0,0,0,0,0,0,0,0,0,0,0,0,1,0,0,FALSE,"400506409"
"235","A. Poythress","F",15,1,4,0,1,4,5,2,2,4,0,0,1,0,1,6,FALSE,"400506409"
"236","W. Cauley-Stein","F",15,4,4,0,0,0,0,0,2,2,1,0,1,0,2,8,FALSE,"400506409"
"237","J. Polson","C",30,1,6,0,3,0,1,2,1,3,1,2,0,0,4,2,FALSE,"400506409"
"238","J. Hood","C",13,1,4,1,3,0,0,1,1,2,0,0,0,0,0,3,FALSE,"400506409"
"239","J. Randle","F",30,4,8,0,0,4,8,4,8,12,0,0,1,2,2,12,TRUE,"400506417"
"240","D. Johnson","C",21,4,10,0,0,0,1,7,1,8,1,2,1,0,1,8,TRUE,"400506417"
"241","A. Harrison","G",35,3,10,2,3,8,11,3,2,5,2,0,0,4,3,16,TRUE,"400506417"
"242","A. Harrison","G",33,2,8,1,3,5,6,0,1,1,1,2,0,2,5,10,TRUE,"400506417"
"243","J. Young","G",31,1,10,1,5,1,2,3,3,6,1,1,0,0,2,4,TRUE,"400506417"
"244","A. Poythress","F",19,1,4,0,0,4,8,2,5,7,0,1,0,0,3,6,FALSE,"400506417"
"245","W. Cauley-Stein","F",20,1,4,0,0,3,4,2,4,6,1,0,1,1,2,5,FALSE,"400506417"
"246","J. Polson","C",11,1,1,1,1,0,0,0,1,1,1,0,0,0,0,3,FALSE,"400506417"
"247","J. Randle","F",35,4,7,1,1,4,6,4,9,13,2,0,0,1,3,13,TRUE,"400506428"
"248","D. Johnson","C",13,1,2,0,0,0,1,0,2,2,0,0,0,1,3,2,TRUE,"400506428"
"249","A. Harrison","G",34,6,12,0,3,8,8,2,2,4,4,0,0,3,5,20,TRUE,"400506428"
"250","A. Harrison","G",35,1,7,1,2,0,2,0,1,1,2,1,0,1,1,3,TRUE,"400506428"
"251","J. Young","G",36,7,10,3,5,2,4,1,4,5,1,0,0,5,2,19,TRUE,"400506428"
"252","A. Poythress","F",11,0,2,0,1,0,0,1,1,2,0,0,0,1,1,0,FALSE,"400506428"
"253","W. Cauley-Stein","F",27,1,2,0,0,0,2,0,2,2,1,1,3,0,1,2,FALSE,"400506428"
"254","J. Polson","C",8,0,0,0,0,0,0,0,0,0,1,0,0,1,1,0,FALSE,"400506428"
"255","D. Hawkins","G",1,0,0,0,0,0,0,0,0,0,0,0,0,0,0,0,FALSE,"400506428"
"256","J. Randle","F",29,6,7,0,0,13,14,4,9,13,0,1,1,4,2,25,TRUE,"400506429"
"257","D. Johnson","C",9,0,3,0,0,0,0,1,1,2,0,0,0,0,2,0,TRUE,"400506429"
"258","A. Harrison","G",34,2,6,2,5,4,4,1,2,3,4,0,0,4,3,10,TRUE,"400506429"
"259","A. Harrison","G",36,6,13,1,4,4,4,0,4,4,4,2,0,2,3,17,TRUE,"400506429"
"260","J. Young","G",35,6,12,2,7,2,2,1,5,6,5,0,0,5,1,16,TRUE,"400506429"
"261","A. Poythress","F",15,2,2,1,1,0,0,0,3,3,1,1,0,1,2,5,FALSE,"400506429"
"262","W. Cauley-Stein","F",31,2,3,0,0,4,6,3,3,6,0,1,3,0,4,8,FALSE,"400506429"
"263","J. Polson","C",11,1,2,1,2,0,0,0,1,1,2,0,0,1,0,3,FALSE,"400506429"
"264","J. Randle","F",37,3,8,0,0,2,2,7,8,15,0,0,2,1,1,8,TRUE,"400506440"
"265","D. Johnson","C",12,1,2,0,0,2,2,2,1,3,0,0,0,2,3,4,TRUE,"400506440"
"266","A. Harrison","G",39,3,13,0,2,3,4,0,6,6,4,0,2,3,3,9,TRUE,"400506440"
"267","A. Harrison","G",43,7,15,0,1,7,7,0,4,4,1,2,0,1,1,21,TRUE,"400506440"
"268","J. Young","G",41,7,17,1,4,5,9,0,4,4,0,1,0,0,1,20,TRUE,"400506440"
"269","M. Lee","F",2,1,1,0,0,0,0,1,0,1,0,0,0,0,1,2,FALSE,"400506440"
"270","A. Poythress","F",13,3,5,0,1,0,0,1,0,1,0,1,1,0,2,6,FALSE,"400506440"
"271","W. Cauley-Stein","F",29,3,5,0,0,1,3,4,2,6,0,0,3,1,3,7,FALSE,"400506440"
"272","J. Polson","C",4,0,0,0,0,0,0,0,0,0,0,0,0,1,0,0,FALSE,"400506440"
"273","D. Hawkins","G",5,0,1,0,1,0,0,0,1,1,0,0,0,0,0,0,FALSE,"400506440"
"274","J. Randle","F",40,6,15,0,0,2,5,2,8,10,0,0,1,3,4,14,TRUE,"400506449"
"275","D. Johnson","C",8,1,4,0,0,1,2,3,0,3,0,1,0,1,1,3,TRUE,"400506449"
"276","A. Harrison","G",39,5,15,0,1,4,7,3,1,4,3,2,1,3,2,14,TRUE,"400506449"
"277","A. Harrison","G",38,2,12,2,5,2,2,2,0,2,0,2,0,4,2,8,TRUE,"400506449"
"278","J. Young","G",29,4,12,1,4,2,4,0,1,1,3,1,0,4,2,11,TRUE,"400506449"
"279","M. Lee","F",4,0,2,0,0,0,0,1,0,1,0,0,0,1,1,0,FALSE,"400506449"
"280","A. Poythress","F",24,0,3,0,0,1,2,2,4,6,0,2,0,1,2,1,FALSE,"400506449"
"281","W. Cauley-Stein","F",30,8,12,0,0,0,0,9,4,13,1,1,2,1,2,16,FALSE,"400506449"
"282","J. Polson","C",8,0,0,0,0,0,0,0,0,0,0,0,0,0,0,0,FALSE,"400506449"
"283","J. Hood","C",2,0,1,0,1,0,0,0,0,0,0,0,0,0,1,0,FALSE,"400506449"
"284","D. Hawkins","G",3,0,0,0,0,0,0,0,0,0,0,0,0,0,0,0,FALSE,"400506449"
"285","J. Randle","F",33,1,7,0,1,8,9,4,11,15,1,0,1,1,3,10,TRUE,"400506454"
"286","D. Johnson","C",15,2,3,0,0,4,7,3,2,5,0,0,0,0,1,8,TRUE,"400506454"
"287","A. Harrison","G",21,1,3,1,2,2,4,0,0,0,4,0,0,1,4,5,TRUE,"400506454"
"288","A. Harrison","G",37,4,16,2,6,11,12,3,3,6,0,0,0,0,5,21,TRUE,"400506454"
"289","J. Young","G",32,4,12,3,5,8,10,0,2,2,3,1,1,5,3,19,TRUE,"400506454"
"290","M. Lee","F",2,0,0,0,0,0,0,0,0,0,0,0,0,0,0,0,FALSE,"400506454"
"291","A. Poythress","F",22,1,7,0,1,0,0,5,2,7,2,0,1,0,3,2,FALSE,"400506454"
"292","W. Cauley-Stein","F",20,1,2,0,0,0,0,2,3,5,0,2,1,1,5,2,FALSE,"400506454"
"293","J. Polson","C",14,0,2,0,2,0,0,0,1,1,0,0,0,1,1,0,FALSE,"400506454"
"294","J. Hood","C",1,0,0,0,0,0,0,0,0,0,0,0,0,0,1,0,FALSE,"400506454"
"295","D. Hawkins","G",3,0,0,0,0,0,0,0,0,0,0,0,0,0,0,0,FALSE,"400506454"
"296","J. Randle","F",33,4,8,0,0,4,5,2,9,11,1,1,0,3,2,12,TRUE,"400506457"
"297","W. Cauley-Stein","F",27,1,2,0,0,1,2,1,4,5,0,1,2,2,2,3,TRUE,"400506457"
"298","J. Polson","C",19,1,4,1,4,0,0,1,2,3,0,0,0,0,0,3,TRUE,"400506457"
"299","J. Hood","C",6,1,3,1,3,0,0,0,0,0,0,0,0,1,0,3,TRUE,"400506457"
"300","A. Harrison","G",34,2,8,1,6,2,2,3,3,6,3,1,2,1,1,7,TRUE,"400506457"
"301","A. Poythress","F",18,0,3,0,2,3,4,0,1,1,0,0,1,3,1,3,FALSE,"400506457"
"302","D. Johnson","C",14,4,4,0,0,1,3,3,2,5,1,0,2,0,1,9,FALSE,"400506457"
"303","A. Harrison","G",22,2,6,1,3,1,1,3,0,3,3,0,0,1,3,6,FALSE,"400506457"
"304","J. Young","G",27,1,11,1,10,6,7,0,5,5,1,1,0,0,1,9,FALSE,"400506457"
"305","J. Randle","F",31,7,11,0,0,2,5,2,8,10,1,0,0,1,3,16,TRUE,"400506469"
"306","W. Cauley-Stein","F",22,2,3,0,0,0,0,2,1,3,0,2,1,3,3,4,TRUE,"400506469"
"307","A. Harrison","G",29,3,14,0,1,2,2,0,2,2,5,3,0,2,3,8,TRUE,"400506469"
"308","A. Harrison","G",32,3,7,1,3,3,4,0,2,2,2,0,0,3,4,10,TRUE,"400506469"
"309","J. Young","G",35,3,6,3,4,5,7,0,3,3,0,1,0,2,3,14,TRUE,"400506469"
"310","A. Poythress","F",24,2,5,0,2,0,0,0,1,1,0,1,0,0,3,4,FALSE,"400506469"
"311","D. Johnson","C",20,3,4,0,0,3,7,2,3,5,1,0,0,2,1,9,FALSE,"400506469"
"312","J. Polson","C",7,0,1,0,0,0,0,0,0,0,1,0,0,1,2,0,FALSE,"400506469"
"313","J. Randle","F",31,4,12,0,0,9,16,6,10,16,1,0,0,1,3,17,TRUE,"400546395"
"314","D. Johnson","C",25,4,6,0,0,1,2,4,7,11,0,0,3,0,4,9,TRUE,"400546395"
"315","A. Harrison","G",36,2,4,0,1,7,8,1,2,3,8,2,1,3,2,11,TRUE,"400546395"
"316","A. Harrison","G",33,5,9,3,6,1,5,0,2,2,2,1,1,0,1,14,TRUE,"400546395"
"317","J. Young","G",37,6,17,3,9,6,8,0,6,6,4,2,0,2,2,21,TRUE,"400546395"
"318","D. Willis","F",0,0,0,0,0,0,0,0,0,0,0,0,0,0,0,0,FALSE,"400546395"
"319","A. Poythress","F",13,1,1,1,1,2,2,1,1,2,0,1,0,3,5,5,FALSE,"400546395"
"320","W. Cauley-Stein","F",18,4,6,0,0,0,0,1,5,6,0,1,6,0,4,8,FALSE,"400546395"
"321","J. Polson","C",6,0,0,0,0,0,0,0,0,0,0,0,0,0,0,0,FALSE,"400546395"
"322","J. Hood","C",1,0,0,0,0,0,0,0,0,0,0,0,0,0,0,0,FALSE,"400546395"
"323","D. Hawkins","G",0,0,0,0,0,0,0,0,0,0,0,0,0,0,0,0,FALSE,"400546395"
"324","S. Malone","G",0,0,0,0,0,0,0,0,0,0,0,0,0,0,0,0,FALSE,"400546395"
"325","J. Randle","F",32,4,10,0,0,4,7,1,10,11,1,1,0,2,3,12,TRUE,"400546632"
"326","D. Johnson","C",23,3,6,0,0,0,4,3,5,8,0,1,0,3,2,6,TRUE,"400546632"
"327","A. Harrison","G",37,5,10,2,2,0,0,1,4,5,9,0,0,3,0,12,TRUE,"400546632"
"328","A. Harrison","G",36,7,10,4,7,4,5,0,1,1,2,0,0,0,2,22,TRUE,"400546632"
"329","J. Young","G",22,6,8,2,4,0,0,1,2,3,0,0,0,1,3,14,TRUE,"400546632"
"330","D. Willis","F",1,0,0,0,0,0,0,0,0,0,0,0,0,0,0,0,FALSE,"400546632"
"331","M. Lee","F",6,0,2,0,0,0,0,1,0,1,0,0,0,0,2,0,FALSE,"400546632"
"332","A. Poythress","F",15,0,2,0,1,0,0,0,1,1,0,0,0,0,3,0,FALSE,"400546632"
"333","W. Cauley-Stein","F",13,0,1,0,0,0,0,2,1,3,0,0,2,0,4,0,FALSE,"400546632"
"334","J. Polson","C",10,1,2,1,2,1,2,0,1,1,0,0,0,0,1,4,FALSE,"400546632"
"335","J. Hood","C",1,0,0,0,0,0,0,0,0,0,0,0,0,1,1,0,FALSE,"400546632"
"336","D. Hawkins","G",2,0,0,0,0,0,0,0,0,0,0,0,0,0,1,0,FALSE,"400546632"
"337","E.J. Floreal","G",1,0,0,0,0,0,0,0,0,0,0,0,0,0,0,0,FALSE,"400546632"
"338","B. Long","G",1,0,0,0,0,0,0,0,0,0,0,0,0,0,0,0,FALSE,"400546632"
"339","J. Randle","F",29,1,7,0,1,2,4,2,5,7,1,1,2,2,2,4,TRUE,"400546818"
"340","D. Johnson","C",9,0,4,0,0,0,0,4,1,5,1,0,0,1,3,0,TRUE,"400546818"
"341","A. Harrison","G",37,1,5,0,1,8,8,0,4,4,2,0,0,3,4,10,TRUE,"400546818"
"342","A. Harrison","G",40,6,17,2,7,2,2,1,1,2,2,0,0,1,0,16,TRUE,"400546818"
"343","J. Young","G",30,3,8,1,2,6,7,0,4,4,2,0,0,2,4,13,TRUE,"400546818"
"344","M. Lee","F",2,0,0,0,0,0,0,0,0,0,0,0,0,1,1,0,FALSE,"400546818"
"345","A. Poythress","F",13,3,4,0,0,1,1,1,1,2,0,1,1,2,2,7,FALSE,"400546818"
"346","W. Cauley-Stein","F",34,4,6,0,0,2,4,3,8,11,1,2,5,0,2,10,FALSE,"400546818"
"347","J. Polson","C",3,0,0,0,0,0,0,0,0,0,0,0,0,0,1,0,FALSE,"400546818"
"348","D. Hawkins","G",3,0,0,0,0,0,0,0,0,0,0,0,0,0,0,0,FALSE,"400546818"
"349","J. Randle","F",35,7,12,0,2,5,8,3,12,15,0,0,1,2,2,19,TRUE,"400546928"
"350","D. Johnson","C",12,0,1,0,0,0,0,0,1,1,0,0,0,1,2,0,TRUE,"400546928"
"351","A. Harrison","G",35,1,6,1,3,4,6,0,5,5,5,0,1,6,1,7,TRUE,"400546928"
"352","A. Harrison","G",37,6,10,2,4,4,6,0,1,1,1,0,0,2,0,18,TRUE,"400546928"
"353","J. Young","G",33,3,13,0,3,1,1,3,2,5,1,0,0,3,2,7,TRUE,"400546928"
"354","A. Poythress","F",17,1,4,1,3,0,0,1,1,2,0,0,0,0,0,3,FALSE,"400546928"
"355","W. Cauley-Stein","F",28,1,4,0,0,0,0,5,3,8,1,4,4,1,4,2,FALSE,"400546928"
"356","J. Polson","C",3,0,0,0,0,0,0,0,1,1,0,0,1,0,0,0,FALSE,"400546928"
"357","J. Randle","F",30,4,9,0,1,5,6,5,5,10,6,1,1,1,1,13,TRUE,"400548706"
"358","D. Johnson","C",20,1,2,0,0,1,2,0,2,2,0,1,0,0,1,3,TRUE,"400548706"
"359","A. Harrison","G",34,6,9,1,3,7,9,0,1,1,3,0,0,6,3,20,TRUE,"400548706"
"360","A. Harrison","G",39,6,13,4,7,3,4,1,0,1,1,2,0,3,2,19,TRUE,"400548706"
"361","J. Young","G",37,5,9,3,5,0,0,0,8,8,0,0,0,1,2,13,TRUE,"400548706"
"362","A. Poythress","F",15,3,4,0,1,0,0,1,1,2,0,0,1,0,2,6,FALSE,"400548706"
"363","W. Cauley-Stein","F",23,2,3,0,0,0,1,0,2,2,0,2,1,0,3,4,FALSE,"400548706"
"364","J. Polson","C",2,0,1,0,1,0,0,0,0,0,1,0,0,0,1,0,FALSE,"400548706"
"365","J. Randle","F",35,5,11,0,1,5,6,5,7,12,1,1,0,4,2,15,TRUE,"400548877"
"366","D. Johnson","C",31,7,10,0,0,1,2,3,3,6,0,0,0,1,2,15,TRUE,"400548877"
"367","A. Harrison","G",38,4,11,1,4,5,6,2,3,5,7,0,0,2,3,14,TRUE,"400548877"
"368","A. Harrison","G",38,3,13,3,7,6,6,1,2,3,0,3,0,1,1,15,TRUE,"400548877"
"369","J. Young","G",22,3,8,0,2,3,4,0,1,1,0,0,1,2,5,9,TRUE,"400548877"
"370","M. Lee","F",1,0,0,0,0,0,0,0,0,0,0,0,0,0,1,0,FALSE,"400548877"
"371","A. Poythress","F",14,2,2,0,0,2,3,2,2,4,0,1,1,1,1,6,FALSE,"400548877"
"372","W. Cauley-Stein","F",4,0,0,0,0,0,0,0,1,1,0,0,0,0,1,0,FALSE,"400548877"
"373","J. Polson","C",2,0,0,0,0,0,0,0,0,0,0,0,0,1,0,0,FALSE,"400548877"
"374","D. Hawkins","G",15,0,0,0,0,0,0,0,0,0,0,0,0,0,3,0,FALSE,"400548877"
"375","J. Randle","F",32,7,16,0,0,2,2,4,7,11,0,1,1,1,1,16,TRUE,"400549857"
"376","D. Johnson","C",21,4,5,0,0,0,2,1,2,3,0,1,1,3,3,8,TRUE,"400549857"
"377","A. Harrison","G",37,3,12,0,1,2,3,0,3,3,6,0,0,4,2,8,TRUE,"400549857"
"378","A. Harrison","G",30,4,8,4,6,0,0,0,0,0,0,0,0,1,4,12,TRUE,"400549857"
"379","J. Young","G",36,5,7,3,4,0,0,1,3,4,1,0,1,0,1,13,TRUE,"400549857"
"380","M. Lee","F",15,5,7,0,0,0,0,7,1,8,0,0,2,0,0,10,FALSE,"400549857"
"381","A. Poythress","F",18,3,3,0,0,2,4,2,1,3,1,0,1,1,1,8,FALSE,"400549857"
"382","D. Hawkins","G",11,0,0,0,0,0,0,0,0,0,0,0,0,0,2,0,FALSE,"400549857"
"383","J. Randle","F",27,6,10,0,0,4,6,3,2,5,0,1,0,1,1,16,TRUE,"400549978"
"384","D. Johnson","C",18,4,6,0,0,2,3,5,2,7,1,0,0,0,3,10,TRUE,"400549978"
"385","A. Harrison","G",29,4,14,0,2,1,2,1,2,3,4,1,0,2,3,9,TRUE,"400549978"
"386","A. Harrison","G",36,3,8,1,1,1,2,0,3,3,2,0,0,0,2,8,TRUE,"400549978"
"387","J. Young","G",37,5,11,1,2,6,7,1,4,5,2,2,0,1,3,17,TRUE,"400549978"
"388","M. Lee","F",10,2,3,0,0,0,0,0,1,1,0,0,1,0,1,4,FALSE,"400549978"
"389","A. Poythress","F",29,4,4,0,0,0,1,1,6,7,0,0,0,0,2,8,FALSE,"400549978"
"390","J. Polson","C",3,0,1,0,0,0,0,0,1,1,0,0,0,0,0,0,FALSE,"400549978"
"391","D. Hawkins","G",11,1,1,0,0,0,0,0,0,0,0,0,0,0,2,2,FALSE,"400549978"
"392","J. Randle","F",34,3,7,0,0,4,7,1,5,6,4,0,1,2,0,10,TRUE,"400551234"
"393","D. Johnson","C",25,2,5,0,0,1,4,2,2,4,2,1,2,0,1,5,TRUE,"400551234"
"394","A. Harrison","G",37,3,9,2,4,0,0,1,4,5,5,3,1,4,2,8,TRUE,"400551234"
"395","A. Harrison","G",39,3,7,1,5,0,1,1,3,4,0,2,1,3,2,7,TRUE,"400551234"
"396","J. Young","G",35,5,13,2,5,8,9,2,5,7,0,0,0,3,0,20,TRUE,"400551234"
"397","M. Lee","F",6,0,0,0,0,0,0,0,0,0,0,0,0,0,1,0,FALSE,"400551234"
"398","A. Poythress","F",17,2,5,0,2,0,1,2,3,5,0,0,0,1,4,4,FALSE,"400551234"
"399","D. Hawkins","G",7,0,0,0,0,0,2,1,0,1,0,0,0,0,0,0,FALSE,"400551234"
