"","player","position","MIN","FGM","FGA","3PTM","3PTA","FTM","FTA","OREB","DREB","REB","AST","STL","BLK","TO","PF","PTS","GP","GS"
"1","A. Hagans","G",28.4594594594595,2.7027027027027,5.78378378378378,0.378378378378378,1.37837837837838,1.89189189189189,2.48648648648649,0.594594594594595,2,2.59459459459459,4.32432432432432,1.64864864864865,0.108108108108108,2.54054054054054,1.97297297297297,7.67567567567568,37,30
"2","E. Montgomery","F",15.2142857142857,2.07142857142857,4.35714285714286,0,0.214285714285714,0.642857142857143,1,1.64285714285714,2.07142857142857,3.71428571428571,0.428571428571429,0.214285714285714,1.14285714285714,1,1.78571428571429,4.78571428571429,14,1
"3","EJ Montgomery","F",14.9565217391304,1.34782608695652,2.78260869565217,0.0869565217391304,0.304347826086957,0.347826086956522,0.695652173913043,1.69565217391304,2.56521739130435,4.26086956521739,0.391304347826087,0.565217391304348,0.956521739130435,0.652173913043478,2.34782608695652,3.1304347826087,23,9
"4","I. Quickley","G",18.4864864864865,1.48648648648649,4,0.810810810810811,2.35135135135135,1.43243243243243,1.72972972972973,0.0540540540540541,1.7027027027027,1.75675675675676,1.18918918918919,0.432432432432432,0.027027027027027,0.891891891891892,1.18918918918919,5.21621621621622,37,7
"5","J. Baker","G",9.10714285714286,0.714285714285714,2.17857142857143,0.464285714285714,1.5,0.392857142857143,0.535714285714286,0.0357142857142857,0.5,0.535714285714286,0.428571428571429,0.142857142857143,0.0714285714285714,0.357142857142857,0.821428571428571,2.28571428571429,28,0
"6","J. David","G",1.4,0,0,0,0,0,0,0.1,0,0.1,0,0,0,0.1,0.1,0,10,1
"7","K. Johnson","G",30.7027027027027,4.64864864864865,10.0810810810811,1.21621621621622,3.18918918918919,2.94594594594595,4.18918918918919,1.32432432432432,4.54054054054054,5.86486486486486,1.62162162162162,0.756756756756757,0.162162162162162,1.62162162162162,2.24324324324324,13.4594594594595,37,36
"8","N. Richards","F",12.0810810810811,1.32432432432432,2.21621621621622,0,0,1.32432432432432,1.91891891891892,1.54054054054054,1.78378378378378,3.32432432432432,0.189189189189189,0.108108108108108,1.27027027027027,0.702702702702703,2.05405405405405,3.97297297297297,37,3
"9","P.J. Washington","F",26.8571428571429,4.35714285714286,8.5,0.642857142857143,1.78571428571429,3.14285714285714,4.35714285714286,2.35714285714286,5.71428571428571,8.07142857142857,2.21428571428571,0.785714285714286,1.14285714285714,1.85714285714286,2.35714285714286,12.5,14,14
"10","PJ Washington","F",30.8571428571429,6.14285714285714,11.6666666666667,1.14285714285714,2.52380952380952,3.52380952380952,5.57142857142857,2.28571428571429,4.90476190476191,7.19047619047619,1.52380952380952,0.857142857142857,1.28571428571429,2.04761904761905,2.52380952380952,16.952380952381,21,19
"11","Q. Green","G",17.7777777777778,2.44444444444444,5.44444444444444,1.22222222222222,2.88888888888889,1.88888888888889,2.11111111111111,0.333333333333333,1,1.33333333333333,2.33333333333333,1,0,2.33333333333333,0.777777777777778,8,9,0
"12","R. Travis","F",28.53125,3.875,7.21875,0.21875,0.8125,3.25,4.4375,2.71875,4.4375,7.15625,0.875,0.40625,0.71875,1.59375,2.53125,11.21875,32,28
"13","T. Herro","G",32.6216216216216,5.02702702702703,10.8918918918919,1.62162162162162,4.56756756756757,2.35135135135135,2.51351351351351,0.405405405405405,4.08108108108108,4.48648648648649,2.45945945945946,1.08108108108108,0.324324324324324,1.62162162162162,1.27027027027027,14.027027027027,37,37
