"","player","position","MIN","FGM","FGA","3PTM","3PTA","FTM","FTA","OREB","DREB","REB","AST","STL","BLK","TO","PF","PTS","starter","game_id"
"1","P.J. Washington","F",17,3,7,1,2,1,2,1,1,2,0,0,0,0,5,8,TRUE,"401082669"
"2","R. Travis","F",30,6,8,1,1,9,13,4,3,7,1,0,1,3,2,22,TRUE,"401082669"
"3","T. Herro","G",34,4,11,1,6,5,5,0,9,9,5,0,2,1,1,14,TRUE,"401082669"
"4","K. Johnson","G",30,8,16,1,3,6,10,1,3,4,2,1,1,0,3,23,TRUE,"401082669"
"5","A. Hagans","G",19,1,3,0,1,0,0,0,1,1,4,0,0,3,4,2,TRUE,"401082669"
"6","E. Montgomery","F",22,4,6,0,0,0,0,3,3,6,1,0,0,3,4,8,FALSE,"401082669"
"7","N. Richards","F",13,0,1,0,0,0,0,0,2,2,0,0,1,3,3,0,FALSE,"401082669"
"8","I. Quickley","G",19,0,3,0,2,6,6,0,1,1,1,0,0,1,2,6,FALSE,"401082669"
"9","Q. Green","G",16,0,4,0,2,1,2,0,1,1,3,0,0,1,1,1,FALSE,"401082669"
"10","P.J. Washington","F",20,1,2,0,0,1,2,2,4,6,1,0,0,5,3,3,TRUE,"401083123"
"11","R. Travis","F",14,1,2,0,0,4,6,2,3,5,1,0,1,0,2,6,TRUE,"401083123"
"12","T. Herro","G",20,0,6,0,2,0,0,1,2,3,0,1,0,1,1,0,TRUE,"401083123"
"13","I. Quickley","G",31,6,10,2,4,1,1,0,4,4,0,2,0,2,2,15,TRUE,"401083123"
"14","K. Johnson","G",32,5,10,0,3,5,7,0,4,4,2,1,0,3,1,15,TRUE,"401083123"
"15","E. Montgomery","F",17,4,8,0,0,2,3,4,3,7,0,0,2,1,1,10,FALSE,"401083123"
"16","N. Richards","F",27,3,8,0,0,2,3,9,10,19,1,0,3,3,2,8,FALSE,"401083123"
"17","A. Hagans","G",13,0,0,0,0,0,0,0,0,0,3,0,0,2,3,0,FALSE,"401083123"
"18","Q. Green","G",26,4,8,2,5,4,5,0,0,0,3,1,0,2,0,14,FALSE,"401083123"
"19","P.J. Washington","F",17,9,13,4,5,3,5,1,6,7,1,1,1,3,2,25,TRUE,"401083124"
"20","R. Travis","F",21,4,12,1,2,2,2,4,3,7,0,0,0,1,3,11,TRUE,"401083124"
"21","T. Herro","G",25,7,12,1,2,3,3,0,1,1,3,5,0,2,0,18,TRUE,"401083124"
"22","I. Quickley","G",27,2,5,0,2,8,10,0,1,1,4,2,0,0,0,12,TRUE,"401083124"
"23","K. Johnson","G",34,3,4,0,0,6,8,3,7,10,1,0,0,0,2,12,TRUE,"401083124"
"24","E. Montgomery","F",26,4,8,0,1,0,0,3,4,7,0,0,2,1,3,8,FALSE,"401083124"
"25","N. Richards","F",16,1,2,0,0,0,0,1,1,2,0,0,2,2,5,2,FALSE,"401083124"
"26","A. Hagans","G",16,1,3,0,1,0,0,1,1,2,1,1,0,2,0,2,FALSE,"401083124"
"27","Q. Green","G",16,2,3,0,0,2,2,1,1,2,5,3,0,2,0,6,FALSE,"401083124"
"28","J. David","G",2,0,0,0,0,0,0,1,0,1,0,0,0,0,0,0,FALSE,"401083124"
"29","E. Montgomery","F",16,1,5,0,0,1,2,2,3,5,0,0,3,2,3,3,TRUE,"401083125"
"30","P.J. Washington","F",33,6,12,0,0,7,9,7,11,18,3,0,0,1,0,19,TRUE,"401083125"
"31","T. Herro","G",19,2,6,1,3,0,0,0,2,2,2,0,1,2,2,5,TRUE,"401083125"
"32","I. Quickley","G",27,0,4,0,3,6,6,0,1,1,2,1,0,1,0,6,TRUE,"401083125"
"33","K. Johnson","G",25,4,8,1,2,0,0,2,1,3,2,1,0,1,2,9,TRUE,"401083125"
"34","N. Richards","F",8,3,3,0,0,0,0,1,1,2,0,0,0,0,1,6,FALSE,"401083125"
"35","R. Travis","F",24,6,8,0,1,10,12,3,3,6,0,0,0,3,2,22,FALSE,"401083125"
"36","A. Hagans","G",21,2,3,0,0,1,2,0,1,1,4,2,2,0,1,5,FALSE,"401083125"
"37","Q. Green","G",27,5,10,3,5,4,4,1,2,3,2,2,0,1,1,17,FALSE,"401083125"
"38","P.J. Washington","F",27,7,11,0,1,5,7,1,10,11,4,3,1,3,0,19,TRUE,"401083126"
"39","N. Richards","F",12,4,4,0,0,2,2,1,0,1,0,0,2,2,2,10,TRUE,"401083126"
"40","T. Herro","G",25,6,14,3,8,0,0,0,3,3,7,0,0,1,1,15,TRUE,"401083126"
"41","I. Quickley","G",31,1,1,1,1,0,0,0,6,6,3,0,0,1,3,3,TRUE,"401083126"
"42","K. Johnson","G",26,4,10,2,5,3,6,1,6,7,1,1,0,2,2,13,TRUE,"401083126"
"43","E. Montgomery","F",16,2,4,0,0,2,2,1,1,2,2,0,2,0,2,6,FALSE,"401083126"
"44","R. Travis","F",25,3,5,0,0,2,3,2,1,3,2,1,1,4,2,8,FALSE,"401083126"
"45","A. Hagans","G",16,1,1,0,0,0,0,1,1,2,1,1,0,3,2,2,FALSE,"401083126"
"46","Q. Green","G",22,3,5,1,3,4,4,0,1,1,0,2,0,3,2,11,FALSE,"401083126"
"47","P.J. Washington","F",27,1,6,0,1,4,8,2,5,7,0,2,1,1,2,6,TRUE,"401083127"
"48","N. Richards","F",10,1,1,0,0,0,0,0,1,1,0,0,0,0,2,2,TRUE,"401083127"
"49","T. Herro","G",25,3,7,2,6,0,0,0,4,4,0,1,0,2,1,8,TRUE,"401083127"
"50","I. Quickley","G",26,3,6,1,2,2,2,1,0,1,2,0,0,1,0,9,TRUE,"401083127"
"51","K. Johnson","G",35,7,15,0,2,13,18,3,4,7,0,0,0,2,4,27,TRUE,"401083127"
"52","E. Montgomery","F",24,1,3,0,0,3,4,3,3,6,0,0,2,1,1,5,FALSE,"401083127"
"53","R. Travis","F",24,4,4,0,0,5,9,4,5,9,1,0,2,2,4,13,FALSE,"401083127"
"54","A. Hagans","G",12,1,4,0,1,0,0,0,0,0,1,0,0,1,0,2,FALSE,"401083127"
"55","Q. Green","G",17,2,6,1,3,0,0,1,1,2,4,1,0,4,0,5,FALSE,"401083127"
"56","P.J. Washington","F",19,3,6,1,2,1,1,2,6,8,1,0,0,1,5,8,TRUE,"401083128"
"57","R. Travis","F",27,4,6,1,2,4,5,0,6,6,1,0,1,1,1,13,TRUE,"401083128"
"58","T. Herro","G",28,6,10,2,5,2,2,1,7,8,1,5,0,0,1,16,TRUE,"401083128"
"59","I. Quickley","G",20,1,3,0,2,2,2,0,2,2,2,0,0,2,0,4,TRUE,"401083128"
"60","K. Johnson","G",31,5,9,1,3,4,5,0,3,3,2,0,0,4,1,15,TRUE,"401083128"
"61","E. Montgomery","F",26,3,6,0,1,1,2,1,3,4,2,2,1,1,4,7,FALSE,"401083128"
"62","N. Richards","F",9,2,3,0,0,2,2,2,0,2,0,0,3,0,3,6,FALSE,"401083128"
"63","A. Hagans","G",20,2,3,1,2,2,2,0,2,2,3,1,0,2,1,7,FALSE,"401083128"
"64","Q. Green","G",18,4,7,4,7,2,2,0,2,2,3,0,0,3,0,14,FALSE,"401083128"
"65","J. David","G",2,0,0,0,0,0,0,0,0,0,0,0,0,0,0,0,FALSE,"401083128"
"66","P.J. Washington","F",28,4,9,1,1,0,1,3,5,8,2,0,0,4,4,9,TRUE,"401083129"
"67","R. Travis","F",37,8,16,1,1,5,6,4,8,12,2,1,0,0,1,22,TRUE,"401083129"
"68","T. Herro","G",35,6,12,2,6,4,6,1,4,5,1,0,1,3,3,18,TRUE,"401083129"
"69","I. Quickley","G",17,0,2,0,2,1,2,0,1,1,1,0,0,1,1,1,TRUE,"401083129"
"70","K. Johnson","G",31,4,7,1,1,4,6,2,9,11,2,1,0,2,1,13,TRUE,"401083129"
"71","E. Montgomery","F",15,4,6,0,0,0,0,3,2,5,0,0,1,2,1,8,FALSE,"401083129"
"72","N. Richards","F",1,0,0,0,0,0,0,0,0,0,0,0,1,1,1,0,FALSE,"401083129"
"73","A. Hagans","G",28,1,3,0,0,3,3,0,2,2,3,3,1,2,2,5,FALSE,"401083129"
"74","Q. Green","G",8,1,3,0,1,0,0,0,0,0,1,0,0,2,1,2,FALSE,"401083129"
"75","P.J. Washington","F",35,8,15,1,3,12,13,4,8,12,4,0,4,2,1,29,TRUE,"401083130"
"76","R. Travis","F",34,3,6,0,0,7,8,1,5,6,2,2,1,3,5,13,TRUE,"401083130"
"77","T. Herro","G",26,4,13,0,6,2,2,0,2,2,1,0,2,1,3,10,TRUE,"401083130"
"78","K. Johnson","G",43,4,9,2,6,0,0,1,4,5,1,0,0,3,3,10,TRUE,"401083130"
"79","A. Hagans","G",30,3,7,0,2,2,3,1,0,1,4,1,0,1,3,8,TRUE,"401083130"
"80","E. Montgomery","F",8,0,1,0,0,0,0,0,0,0,0,0,0,1,2,0,FALSE,"401083130"
"81","N. Richards","F",12,1,2,0,0,1,2,2,3,5,0,0,0,0,1,3,FALSE,"401083130"
"82","I. Quickley","G",26,3,6,2,3,0,2,0,1,1,2,0,0,1,1,8,FALSE,"401083130"
"83","Q. Green","G",10,1,3,0,0,0,0,0,1,1,0,0,0,3,2,2,FALSE,"401083130"
"84","J. Baker","G",1,0,0,0,0,0,0,0,0,0,0,0,0,0,0,0,FALSE,"401083130"
"85","P.J. Washington","F",31,4,8,0,2,1,2,3,1,4,1,2,3,1,0,9,TRUE,"401083131"
"86","R. Travis","F",32,7,10,0,1,2,4,1,2,3,1,0,0,0,0,16,TRUE,"401083131"
"87","T. Herro","G",31,7,12,2,6,1,2,0,2,2,1,2,0,0,0,17,TRUE,"401083131"
"88","K. Johnson","G",33,8,9,6,7,2,2,0,2,2,0,1,0,2,2,24,TRUE,"401083131"
"89","A. Hagans","G",23,1,7,0,0,0,0,0,0,0,7,1,0,2,1,2,TRUE,"401083131"
"90","E. Montgomery","F",12,1,3,0,0,0,0,2,3,5,1,0,1,0,0,2,FALSE,"401083131"
"91","N. Richards","F",12,0,0,0,0,0,0,0,2,2,0,0,1,0,3,0,FALSE,"401083131"
"92","I. Quickley","G",23,4,7,2,3,2,2,0,1,1,2,0,0,1,3,12,FALSE,"401083131"
"93","J. Baker","G",2,2,2,2,2,0,0,0,0,0,0,0,0,0,1,6,FALSE,"401083131"
"94","J. David","G",1,0,0,0,0,0,0,0,0,0,0,0,0,0,0,0,FALSE,"401083131"
"95","P.J. Washington","F",30,5,9,1,3,0,0,3,7,10,8,0,2,2,2,11,TRUE,"401082860"
"96","R. Travis","F",38,6,15,1,4,7,11,3,4,7,3,0,1,1,2,20,TRUE,"401082860"
"97","T. Herro","G",36,6,17,3,8,0,1,1,3,4,5,1,0,3,2,15,TRUE,"401082860"
"98","K. Johnson","G",23,7,11,4,7,3,4,0,3,3,3,3,0,1,5,21,TRUE,"401082860"
"99","A. Hagans","G",31,2,6,0,0,3,4,1,3,4,3,8,1,5,3,7,TRUE,"401082860"
"100","E. Montgomery","F",2,1,1,0,0,0,0,1,0,1,0,0,0,1,1,2,FALSE,"401082860"
"101","N. Richards","F",10,1,2,0,0,0,0,1,5,6,0,0,2,0,1,2,FALSE,"401082860"
"102","I. Quickley","G",15,0,1,0,1,2,2,0,3,3,1,0,1,3,2,2,FALSE,"401082860"
"103","J. Baker","G",15,0,3,0,3,0,0,0,1,1,1,0,1,1,0,0,FALSE,"401082860"
"104","P.J. Washington","F",33,2,3,0,0,1,2,2,6,8,3,1,4,1,3,5,TRUE,"401082917"
"105","R. Travis","F",30,4,8,0,1,1,2,1,3,4,0,0,2,0,3,9,TRUE,"401082917"
"106","T. Herro","G",36,10,13,4,6,0,0,1,4,5,1,2,1,2,2,24,TRUE,"401082917"
"107","K. Johnson","G",33,5,13,1,5,4,4,1,6,7,2,1,0,2,2,15,TRUE,"401082917"
"108","A. Hagans","G",24,5,11,0,1,1,2,2,0,2,3,3,0,1,3,11,TRUE,"401082917"
"109","E. Montgomery","F",9,1,2,0,1,0,1,0,2,2,0,0,0,0,3,2,FALSE,"401082917"
"110","N. Richards","F",8,0,0,0,0,0,0,2,1,3,0,0,1,0,1,0,FALSE,"401082917"
"111","I. Quickley","G",18,1,3,0,2,0,0,0,1,1,2,2,0,2,3,2,FALSE,"401082917"
"112","J. Baker","G",9,1,4,1,4,0,0,1,0,1,0,0,0,1,1,3,FALSE,"401082917"
"113","P.J. Washington","F",31,4,10,0,3,7,8,1,6,7,1,1,0,1,4,15,TRUE,"401082957"
"114","R. Travis","F",29,6,13,0,2,0,1,1,5,6,1,0,0,5,3,12,TRUE,"401082957"
"115","T. Herro","G",35,4,12,2,6,2,2,0,3,3,0,0,0,1,2,12,TRUE,"401082957"
"116","K. Johnson","G",30,5,10,1,3,2,2,1,6,7,4,3,0,1,3,13,TRUE,"401082957"
"117","A. Hagans","G",33,5,10,0,0,2,2,1,2,3,6,3,0,2,2,12,TRUE,"401082957"
"118","E. Montgomery","F",8,1,4,0,0,0,0,0,0,0,0,0,0,0,0,2,FALSE,"401082957"
"119","N. Richards","F",13,0,1,0,0,1,2,2,1,3,2,0,1,0,0,1,FALSE,"401082957"
"120","I. Quickley","G",15,3,5,2,4,0,0,0,2,2,0,0,0,1,1,8,FALSE,"401082957"
"121","J. Baker","G",6,0,0,0,0,0,0,0,0,0,0,0,0,0,0,0,FALSE,"401082957"
"122","P.J. Washington","F",28,4,8,0,2,1,1,1,4,5,2,1,0,1,2,9,TRUE,"401083132"
"123","R. Travis","F",30,3,6,0,0,0,0,2,2,4,1,1,1,0,2,6,TRUE,"401083132"
"124","T. Herro","G",36,7,14,3,7,4,4,2,3,5,1,0,0,4,3,21,TRUE,"401083132"
"125","K. Johnson","G",27,2,9,0,4,4,4,2,4,6,2,0,0,4,1,8,TRUE,"401083132"
"126","A. Hagans","G",30,4,6,0,1,10,11,0,1,1,5,5,0,1,1,18,TRUE,"401083132"
"127","E. Montgomery","F",12,2,4,0,0,0,0,0,2,2,0,1,2,1,0,4,FALSE,"401083132"
"128","N. Richards","F",11,2,2,0,0,1,1,0,1,1,0,0,2,0,2,5,FALSE,"401083132"
"129","I. Quickley","G",13,4,4,2,2,0,1,0,1,1,2,3,0,0,0,10,FALSE,"401083132"
"130","J. Baker","G",13,1,3,1,2,1,1,0,1,1,3,0,0,1,2,4,FALSE,"401083132"
"131","PJ Washington","F",32,1,4,0,1,1,4,5,3,8,1,1,1,0,3,3,TRUE,"401082931"
"132","R. Travis","F",30,2,6,0,0,1,2,3,9,12,1,0,2,2,2,5,TRUE,"401082931"
"133","T. Herro","G",36,1,3,0,2,2,2,0,6,6,3,0,1,3,2,4,TRUE,"401082931"
"134","K. Johnson","G",24,6,8,1,2,2,2,0,1,1,1,0,0,4,5,15,TRUE,"401082931"
"135","A. Hagans","G",33,7,9,0,1,1,2,1,3,4,4,3,0,5,1,15,TRUE,"401082931"
"136","EJ Montgomery","F",8,0,0,0,0,0,0,0,3,3,0,0,1,0,0,0,FALSE,"401082931"
"137","N. Richards","F",10,1,2,0,0,0,0,0,1,1,0,1,0,0,1,2,FALSE,"401082931"
"138","I. Quickley","G",20,4,9,3,7,1,2,0,0,0,0,0,0,0,0,12,FALSE,"401082931"
"139","J. Baker","G",7,0,3,0,3,0,0,0,0,0,0,0,0,0,0,0,FALSE,"401082931"
"140","PJ Washington","F",30,4,6,1,1,1,2,3,3,6,0,0,0,1,4,10,TRUE,"401083133"
"141","R. Travis","F",22,3,7,0,1,0,0,0,5,5,1,0,0,1,1,6,TRUE,"401083133"
"142","T. Herro","G",31,4,10,0,2,4,4,1,6,7,4,1,0,1,0,12,TRUE,"401083133"
"143","K. Johnson","G",27,0,6,0,1,0,0,2,1,3,2,1,0,2,1,0,TRUE,"401083133"
"144","A. Hagans","G",35,9,18,1,3,4,5,1,4,5,4,4,0,1,1,23,TRUE,"401083133"
"145","EJ Montgomery","F",14,3,6,0,0,0,0,2,4,6,0,0,1,1,3,6,FALSE,"401083133"
"146","N. Richards","F",15,2,5,0,0,0,0,4,3,7,0,0,3,0,1,4,FALSE,"401083133"
"147","I. Quickley","G",13,1,3,0,1,0,0,0,0,0,2,1,0,0,2,2,FALSE,"401083133"
"148","J. Baker","G",13,2,3,2,2,0,0,0,1,1,1,1,0,2,1,6,FALSE,"401083133"
"149","PJ Washington","F",32,4,8,1,2,4,7,3,4,7,2,0,1,3,4,13,TRUE,"401083134"
"150","R. Travis","F",29,6,7,0,0,5,5,3,4,7,0,0,1,1,4,17,TRUE,"401083134"
"151","T. Herro","G",34,6,12,3,6,5,5,0,3,3,4,1,0,3,2,20,TRUE,"401083134"
"152","K. Johnson","G",28,7,11,2,5,4,7,2,1,3,0,0,0,1,1,20,TRUE,"401083134"
"153","A. Hagans","G",35,2,4,0,0,2,3,0,7,7,6,3,0,3,2,6,TRUE,"401083134"
"154","EJ Montgomery","F",10,0,2,0,0,0,0,0,1,1,0,1,0,1,2,0,FALSE,"401083134"
"155","N. Richards","F",10,0,0,0,0,1,2,0,1,1,1,1,0,0,3,1,FALSE,"401083134"
"156","I. Quickley","G",14,1,3,0,1,3,4,0,2,2,1,1,0,0,1,5,FALSE,"401083134"
"157","J. Baker","G",8,0,1,0,1,0,0,0,1,1,0,0,0,1,1,0,FALSE,"401083134"
"158","PJ Washington","F",27,9,15,3,5,0,0,2,4,6,0,0,4,2,4,21,TRUE,"401083076"
"159","R. Travis","F",30,1,6,0,1,3,4,4,8,12,1,1,1,3,0,5,TRUE,"401083076"
"160","T. Herro","G",37,5,10,3,3,5,5,0,5,5,1,1,0,2,1,18,TRUE,"401083076"
"161","K. Johnson","G",26,4,8,0,1,1,1,0,5,5,2,3,1,2,5,9,TRUE,"401083076"
"162","A. Hagans","G",33,2,6,0,1,1,2,1,1,2,9,2,0,4,2,5,TRUE,"401083076"
"163","EJ Montgomery","F",13,2,5,1,2,0,0,2,0,2,0,1,1,1,1,5,FALSE,"401083076"
"164","N. Richards","F",10,2,5,0,0,4,8,5,1,6,0,0,1,0,3,8,FALSE,"401083076"
"165","I. Quickley","G",17,1,3,1,2,2,2,0,2,2,1,0,0,1,1,5,FALSE,"401083076"
"166","J. Baker","G",6,0,1,0,1,0,0,0,0,0,0,0,0,1,0,0,FALSE,"401083076"
"167","J. David","G",1,0,0,0,0,0,0,0,0,0,0,0,0,0,0,0,FALSE,"401083076"
"168","PJ Washington","F",36,7,17,0,4,6,8,3,10,13,1,1,2,0,1,20,TRUE,"401083135"
"169","R. Travis","F",28,7,11,0,0,4,6,7,5,12,0,0,0,1,3,18,TRUE,"401083135"
"170","T. Herro","G",38,2,9,0,4,2,2,0,5,5,4,0,0,3,1,6,TRUE,"401083135"
"171","K. Johnson","G",32,5,9,3,4,2,2,2,8,10,0,0,0,0,3,15,TRUE,"401083135"
"172","A. Hagans","G",35,4,11,1,3,3,5,1,1,2,8,3,0,4,1,12,TRUE,"401083135"
"173","EJ Montgomery","F",7,0,2,0,1,0,0,2,0,2,0,0,1,0,3,0,FALSE,"401083135"
"174","N. Richards","F",9,0,1,0,0,0,0,0,1,1,1,0,5,1,1,0,FALSE,"401083135"
"175","I. Quickley","G",11,0,3,0,2,0,0,0,1,1,0,0,0,2,0,0,FALSE,"401083135"
"176","J. Baker","G",4,0,1,0,0,0,0,0,1,1,0,0,0,0,0,0,FALSE,"401083135"
"177","PJ Washington","F",29,9,15,3,3,5,6,4,8,12,2,3,0,2,1,26,TRUE,"401082936"
"178","R. Travis","F",21,0,1,0,0,1,2,0,3,3,0,0,1,1,2,1,TRUE,"401082936"
"179","T. Herro","G",29,6,13,0,3,0,0,0,3,3,2,3,0,1,0,12,TRUE,"401082936"
"180","K. Johnson","G",23,3,6,3,4,2,2,0,0,0,2,0,0,1,3,11,TRUE,"401082936"
"181","A. Hagans","G",30,3,5,1,2,0,0,1,5,6,8,1,0,1,3,7,TRUE,"401082936"
"182","EJ Montgomery","F",11,1,2,0,0,2,2,1,0,1,2,0,1,0,2,4,FALSE,"401082936"
"183","N. Richards","F",19,4,5,0,0,6,10,0,1,1,0,0,4,0,3,14,FALSE,"401082936"
"184","I. Quickley","G",18,2,5,1,3,1,1,0,2,2,1,0,0,0,3,6,FALSE,"401082936"
"185","J. Baker","G",19,2,2,2,2,0,0,0,1,1,1,0,0,0,3,6,FALSE,"401082936"
"186","J. David","G",1,0,0,0,0,0,0,0,0,0,0,0,0,0,0,0,FALSE,"401082936"
"187","PJ Washington","F",35,6,13,0,1,3,5,4,8,12,2,0,1,2,3,15,TRUE,"401083136"
"188","R. Travis","F",27,3,5,0,0,0,0,3,4,7,1,0,0,1,1,6,TRUE,"401083136"
"189","T. Herro","G",30,6,8,3,4,4,4,1,5,6,2,1,0,3,3,19,TRUE,"401083136"
"190","K. Johnson","G",30,4,13,2,5,0,0,2,6,8,1,0,0,1,2,10,TRUE,"401083136"
"191","A. Hagans","G",32,2,5,0,2,2,2,0,5,5,4,2,0,3,1,6,TRUE,"401083136"
"192","EJ Montgomery","F",10,0,0,0,0,0,0,2,1,3,0,0,1,0,1,0,FALSE,"401083136"
"193","N. Richards","F",5,0,0,0,0,0,0,0,0,0,0,0,0,2,1,0,FALSE,"401083136"
"194","I. Quickley","G",16,1,6,1,5,4,5,0,1,1,1,1,0,0,0,7,FALSE,"401083136"
"195","J. Baker","G",15,1,6,0,4,0,0,0,0,0,2,0,0,0,0,2,FALSE,"401083136"
"196","PJ Washington","F",28,6,16,2,4,6,7,3,2,5,1,2,0,2,1,20,TRUE,"401083036"
"197","R. Travis","F",22,2,7,0,1,7,8,6,3,9,0,3,0,1,3,11,TRUE,"401083036"
"198","T. Herro","G",29,5,11,1,3,0,0,0,3,3,1,0,0,1,2,11,TRUE,"401083036"
"199","K. Johnson","G",31,2,9,0,3,5,6,2,4,6,0,0,0,0,0,9,TRUE,"401083036"
"200","A. Hagans","G",28,1,3,0,1,0,1,0,0,0,4,3,0,6,2,2,TRUE,"401083036"
"201","EJ Montgomery","F",20,5,7,1,1,0,1,5,8,13,1,1,1,2,4,11,FALSE,"401083036"
"202","N. Richards","F",11,2,2,0,0,0,0,2,2,4,0,1,0,1,4,4,FALSE,"401083036"
"203","I. Quickley","G",19,0,3,0,1,3,4,0,3,3,4,1,0,1,0,3,FALSE,"401083036"
"204","J. Baker","G",11,2,3,1,2,0,0,0,3,3,0,0,0,0,1,5,FALSE,"401083036"
"205","J. David","G",1,0,0,0,0,0,0,0,0,0,0,0,0,0,0,0,FALSE,"401083036"
"206","PJ Washington","F",24,9,13,3,3,2,4,1,2,3,1,0,1,1,5,23,TRUE,"401083080"
"207","R. Travis","F",33,4,9,0,1,0,0,2,6,8,1,1,2,1,4,8,TRUE,"401083080"
"208","T. Herro","G",33,5,9,2,4,0,0,0,2,2,1,0,0,1,0,12,TRUE,"401083080"
"209","K. Johnson","G",28,4,10,1,3,4,4,0,7,7,0,1,0,1,3,13,TRUE,"401083080"
"210","A. Hagans","G",35,2,5,1,3,3,5,2,2,4,9,1,0,3,1,8,TRUE,"401083080"
"211","EJ Montgomery","F",16,1,3,0,1,0,2,4,3,7,0,0,0,1,3,2,FALSE,"401083080"
"212","N. Richards","F",7,1,3,0,0,0,0,1,0,1,0,0,1,1,2,2,FALSE,"401083080"
"213","I. Quickley","G",12,0,2,0,1,0,0,0,1,1,0,0,0,0,0,0,FALSE,"401083080"
"214","J. Baker","G",12,1,3,0,2,1,2,0,0,0,1,1,0,0,0,3,FALSE,"401083080"
"215","PJ Washington","F",27,7,13,0,2,6,8,3,6,9,3,1,0,3,4,20,TRUE,"401083118"
"216","R. Travis","F",37,3,7,1,3,2,2,5,4,9,1,0,0,2,3,9,TRUE,"401083118"
"217","T. Herro","G",39,5,13,2,5,0,0,0,1,1,4,1,1,1,3,12,TRUE,"401083118"
"218","K. Johnson","G",36,5,10,1,2,5,9,0,5,5,3,1,0,0,0,16,TRUE,"401083118"
"219","A. Hagans","G",21,2,5,0,1,0,0,0,1,1,1,0,0,0,3,4,TRUE,"401083118"
"220","EJ Montgomery","F",13,2,5,0,0,2,2,4,1,5,1,0,0,0,1,6,FALSE,"401083118"
"221","N. Richards","F",3,0,0,0,0,1,2,0,0,0,0,0,0,0,0,1,FALSE,"401083118"
"222","I. Quickley","G",21,1,5,1,4,0,0,0,4,4,1,0,0,3,3,3,FALSE,"401083118"
"223","J. Baker","G",3,0,2,0,2,0,0,0,0,0,0,0,0,0,0,0,FALSE,"401083118"
"224","PJ Washington","F",31,9,12,1,2,4,7,2,3,5,1,2,2,1,2,23,TRUE,"401082991"
"225","R. Travis","F",33,2,4,0,0,7,10,3,5,8,1,0,2,2,3,11,TRUE,"401082991"
"226","T. Herro","G",32,3,11,1,3,8,9,2,11,13,3,1,0,1,0,15,TRUE,"401082991"
"227","K. Johnson","G",33,8,14,3,6,0,0,1,3,4,1,1,0,2,1,19,TRUE,"401082991"
"228","A. Hagans","G",36,3,6,0,1,3,5,0,2,2,7,2,0,1,1,9,TRUE,"401082991"
"229","EJ Montgomery","F",9,3,3,0,0,0,0,1,3,4,0,0,0,0,2,6,FALSE,"401082991"
"230","N. Richards","F",6,1,1,0,0,1,2,2,0,2,0,0,1,1,4,3,FALSE,"401082991"
"231","I. Quickley","G",12,0,0,0,0,0,0,0,0,0,1,0,0,2,2,0,FALSE,"401082991"
"232","J. Baker","G",8,0,2,0,1,0,0,0,0,0,0,0,1,0,0,0,FALSE,"401082991"
"233","PJ Washington","F",37,7,13,2,4,2,4,1,7,8,3,0,1,3,2,18,TRUE,"401083058"
"234","R. Travis","F",13,1,3,0,1,1,1,0,2,2,1,1,0,2,3,3,TRUE,"401083058"
"235","T. Herro","G",35,4,9,2,6,8,8,0,5,5,2,1,0,1,0,18,TRUE,"401083058"
"236","K. Johnson","G",35,1,6,0,2,3,3,2,4,6,1,1,0,0,2,5,TRUE,"401083058"
"237","A. Hagans","G",33,3,5,2,4,4,4,0,0,0,2,0,0,4,2,12,TRUE,"401083058"
"238","EJ Montgomery","F",16,0,1,0,0,0,0,0,1,1,0,0,2,0,4,0,FALSE,"401083058"
"239","N. Richards","F",13,3,3,0,0,1,1,3,1,4,0,0,0,1,2,7,FALSE,"401083058"
"240","I. Quickley","G",11,1,2,1,2,0,0,0,0,0,1,0,0,0,0,3,FALSE,"401083058"
"241","J. Baker","G",7,0,0,0,0,0,1,0,1,1,0,0,0,1,1,0,FALSE,"401083058"
"242","EJ Montgomery","F",23,2,4,0,0,2,2,2,5,7,0,2,3,1,2,6,TRUE,"401083137"
"243","PJ Washington","F",33,9,13,5,8,1,2,2,4,6,2,1,1,2,1,24,TRUE,"401083137"
"244","T. Herro","G",29,6,12,3,6,2,2,0,4,4,2,0,0,0,0,17,TRUE,"401083137"
"245","K. Johnson","G",29,3,8,0,2,2,4,3,14,17,5,0,0,2,2,8,TRUE,"401083137"
"246","A. Hagans","G",30,6,8,2,4,0,0,0,1,1,5,1,0,3,0,14,TRUE,"401083137"
"247","N. Richards","F",20,1,3,0,0,2,2,1,2,3,1,1,3,0,2,4,FALSE,"401083137"
"248","I. Quickley","G",22,2,3,1,2,0,0,0,3,3,0,0,0,1,2,5,FALSE,"401083137"
"249","J. Baker","G",12,1,4,0,2,0,0,0,1,1,0,0,0,0,1,2,FALSE,"401083137"
"250","J. David","G",2,0,0,0,0,0,0,0,0,0,0,0,0,1,0,0,FALSE,"401083137"
"251","EJ Montgomery","F",12,1,1,0,0,0,0,1,2,3,0,0,0,2,4,2,TRUE,"401083019"
"252","PJ Washington","F",35,2,7,0,2,5,10,0,6,6,1,2,2,1,2,9,TRUE,"401083019"
"253","T. Herro","G",36,9,10,5,6,6,6,0,4,4,3,2,1,1,1,29,TRUE,"401083019"
"254","K. Johnson","G",37,5,14,0,1,3,6,3,3,6,3,0,1,3,2,13,TRUE,"401083019"
"255","A. Hagans","G",36,2,4,1,2,2,2,0,2,2,4,0,0,3,3,7,TRUE,"401083019"
"256","N. Richards","F",25,2,4,0,0,3,4,5,10,15,0,0,3,2,4,7,FALSE,"401083019"
"257","I. Quickley","G",15,0,1,0,1,2,2,0,1,1,1,0,0,2,2,2,FALSE,"401083019"
"258","J. Baker","G",4,0,1,0,1,1,2,0,0,0,0,0,0,1,1,1,FALSE,"401083019"
"259","PJ Washington","F",30,2,6,0,2,9,13,0,3,3,2,1,1,4,2,13,TRUE,"401082994"
"260","N. Richards","F",26,1,4,0,0,6,9,4,3,7,1,0,3,1,4,8,TRUE,"401082994"
"261","T. Herro","G",35,2,11,0,5,2,2,0,6,6,3,0,0,5,1,6,TRUE,"401082994"
"262","K. Johnson","G",31,2,9,1,5,2,4,2,5,7,1,0,0,3,3,7,TRUE,"401082994"
"263","A. Hagans","G",36,2,6,1,1,0,1,1,4,5,3,1,0,2,2,5,TRUE,"401082994"
"264","EJ Montgomery","F",17,1,1,0,0,0,0,0,5,5,0,1,1,1,4,2,FALSE,"401082994"
"265","I. Quickley","G",20,3,5,2,4,0,0,0,4,4,0,0,0,0,0,8,FALSE,"401082994"
"266","J. Baker","G",5,1,2,1,2,0,0,0,0,0,1,0,0,0,0,3,FALSE,"401082994"
"267","EJ Montgomery","F",26,1,4,0,1,0,0,1,5,6,0,0,4,0,1,2,TRUE,"401083103"
"268","PJ Washington","F",26,6,11,0,0,1,2,0,1,1,4,0,2,1,3,13,TRUE,"401083103"
"269","T. Herro","G",38,8,12,2,4,2,2,0,5,5,2,3,0,0,1,20,TRUE,"401083103"
"270","K. Johnson","G",38,9,18,1,2,3,7,2,5,7,3,1,0,1,1,22,TRUE,"401083103"
"271","A. Hagans","G",30,3,3,0,0,4,5,0,2,2,2,0,0,3,3,10,TRUE,"401083103"
"272","N. Richards","F",18,2,3,0,0,2,2,1,3,4,0,0,1,1,5,6,FALSE,"401083103"
"273","I. Quickley","G",19,1,4,1,2,2,2,0,2,2,2,0,0,0,1,5,FALSE,"401083103"
"274","J. Baker","G",5,1,1,0,0,0,0,0,0,0,1,0,0,0,3,2,FALSE,"401083103"
"275","EJ Montgomery","F",28,0,2,0,0,0,1,4,3,7,0,1,1,0,4,0,TRUE,"401083138"
"276","PJ Washington","F",38,6,14,0,2,3,3,3,6,9,1,0,0,4,2,15,TRUE,"401083138"
"277","T. Herro","G",38,6,11,0,1,4,4,0,6,6,2,1,0,0,1,16,TRUE,"401083138"
"278","A. Hagans","G",30,3,6,1,2,7,9,0,3,3,2,1,0,3,3,14,TRUE,"401083138"
"279","J. David","G",1,0,0,0,0,0,0,0,0,0,0,0,0,0,0,0,TRUE,"401083138"
"280","N. Richards","F",9,0,1,0,0,3,4,2,0,2,0,0,0,0,1,3,FALSE,"401083138"
"281","I. Quickley","G",20,0,3,0,0,4,4,0,3,3,1,0,0,1,3,4,FALSE,"401083138"
"282","K. Johnson","G",34,4,8,1,1,5,7,1,6,7,3,0,1,2,1,14,FALSE,"401083138"
"283","J. Baker","G",2,0,1,0,1,0,0,0,0,0,0,0,0,0,2,0,FALSE,"401083138"
"284","EJ Montgomery","F",10,1,3,0,1,0,0,1,1,2,2,0,1,0,3,2,TRUE,"401119823"
"285","PJ Washington","F",35,4,12,1,3,1,3,2,10,12,4,2,4,2,0,10,TRUE,"401119823"
"286","T. Herro","G",36,8,14,2,4,2,2,0,6,6,2,2,1,3,0,20,TRUE,"401119823"
"287","K. Johnson","G",22,1,7,0,1,2,2,0,3,3,1,3,1,2,4,4,TRUE,"401119823"
"288","A. Hagans","G",29,1,6,0,2,0,0,3,3,6,6,1,0,1,4,2,TRUE,"401119823"
"289","N. Richards","F",12,3,4,0,0,3,4,1,2,3,0,0,1,1,1,9,FALSE,"401119823"
"290","R. Travis","F",23,4,6,0,0,0,0,3,4,7,0,0,3,1,4,8,FALSE,"401119823"
"291","I. Quickley","G",18,4,4,3,3,1,2,0,1,1,0,0,0,1,2,12,FALSE,"401119823"
"292","J. Baker","G",14,2,3,1,1,1,2,0,0,0,0,0,0,0,1,6,FALSE,"401119823"
"293","J. David","G",1,0,0,0,0,0,0,0,0,0,0,0,0,0,0,0,FALSE,"401119823"
"294","PJ Washington","F",20,6,11,0,0,4,4,2,3,5,0,0,1,1,4,16,TRUE,"401119821"
"295","R. Travis","F",28,3,6,1,2,4,6,3,3,6,0,1,0,2,5,11,TRUE,"401119821"
"296","T. Herro","G",38,4,9,2,5,0,0,0,3,3,4,1,0,1,1,10,TRUE,"401119821"
"297","K. Johnson","G",35,6,10,1,2,2,4,1,5,6,0,1,0,2,2,15,TRUE,"401119821"
"298","A. Hagans","G",38,4,9,1,2,1,2,0,1,1,12,1,0,3,3,10,TRUE,"401119821"
"299","EJ Montgomery","F",22,4,5,0,0,0,1,0,1,1,0,1,1,1,2,8,FALSE,"401119821"
"300","N. Richards","F",10,2,2,0,0,2,2,2,2,4,0,0,0,1,1,6,FALSE,"401119821"
"301","I. Quickley","G",9,1,4,0,0,0,0,1,2,3,1,0,0,0,1,2,FALSE,"401119821"
"302","EJ Montgomery","F",23,1,5,0,0,1,3,4,7,11,1,1,0,2,4,3,TRUE,"401123403"
"303","R. Travis","F",26,8,10,0,1,2,2,4,5,9,1,0,0,3,3,18,TRUE,"401123403"
"304","T. Herro","G",32,7,12,0,2,0,0,1,4,5,2,2,0,1,0,14,TRUE,"401123403"
"305","K. Johnson","G",30,10,16,3,5,2,3,2,4,6,0,0,0,1,2,25,TRUE,"401123403"
"306","A. Hagans","G",25,1,2,0,0,2,2,1,3,4,4,1,0,1,3,4,TRUE,"401123403"
"307","N. Richards","F",17,2,2,0,0,4,5,2,2,4,0,0,1,2,3,8,FALSE,"401123403"
"308","I. Quickley","G",21,0,6,0,3,0,0,0,4,4,1,0,0,2,0,0,FALSE,"401123403"
"309","J. Baker","G",24,1,3,1,3,4,4,0,1,1,1,1,0,0,2,7,FALSE,"401123403"
"310","J. David","G",2,0,0,0,0,0,0,0,0,0,0,0,0,0,1,0,FALSE,"401123403"
"311","EJ Montgomery","F",15,2,2,0,0,1,2,0,2,2,1,3,0,2,3,5,TRUE,"401123433"
"312","R. Travis","F",37,5,10,0,0,4,4,3,8,11,0,1,0,0,2,14,TRUE,"401123433"
"313","T. Herro","G",38,2,11,1,6,4,4,2,4,6,4,0,0,1,1,9,TRUE,"401123433"
"314","K. Johnson","G",22,4,8,1,3,0,0,1,3,4,0,0,0,3,4,9,TRUE,"401123433"
"315","A. Hagans","G",33,4,11,0,2,4,5,2,3,5,4,1,0,2,1,12,TRUE,"401123433"
"316","N. Richards","F",25,1,1,0,0,1,2,0,3,3,0,0,1,0,2,3,FALSE,"401123433"
"317","I. Quickley","G",12,1,3,0,1,0,0,0,0,0,0,1,0,0,0,2,FALSE,"401123433"
"318","J. Baker","G",18,2,6,1,1,3,3,0,2,2,0,1,0,1,0,8,FALSE,"401123433"
"319","EJ Montgomery","F",13,1,1,0,0,0,0,3,2,5,1,1,1,0,1,2,TRUE,"401123391"
"320","R. Travis","F",35,1,2,0,0,4,5,4,7,11,2,0,0,4,3,6,TRUE,"401123391"
"321","T. Herro","G",37,7,13,1,3,4,5,0,3,3,2,1,0,2,2,19,TRUE,"401123391"
"322","K. Johnson","G",34,3,12,1,5,0,0,2,5,7,4,1,0,0,1,7,TRUE,"401123391"
"323","A. Hagans","G",26,1,2,0,1,2,2,0,3,3,1,0,0,4,3,4,TRUE,"401123391"
"324","PJ Washington","F",26,6,8,0,0,4,7,0,2,2,1,0,1,3,2,16,FALSE,"401123391"
"325","N. Richards","F",4,1,2,0,0,0,0,1,0,1,0,0,0,0,0,2,FALSE,"401123391"
"326","I. Quickley","G",17,2,5,2,3,0,0,0,2,2,0,1,0,0,1,6,FALSE,"401123391"
"327","J. Baker","G",8,0,1,0,0,0,0,0,0,0,0,0,0,0,0,0,FALSE,"401123391"
"328","EJ Montgomery","F",8,0,0,0,0,0,0,0,1,1,0,0,1,0,0,0,TRUE,"401123390"
"329","R. Travis","F",44,4,5,0,0,1,3,2,4,6,1,0,0,0,3,9,TRUE,"401123390"
"330","T. Herro","G",36,3,11,1,5,0,0,1,2,3,6,1,1,2,3,7,TRUE,"401123390"
"331","K. Johnson","G",38,5,13,0,2,4,6,2,8,10,3,1,1,0,3,14,TRUE,"401123390"
"332","A. Hagans","G",38,4,8,1,4,1,1,1,4,5,3,1,0,7,2,10,TRUE,"401123390"
"333","PJ Washington","F",37,10,18,2,4,6,11,5,8,13,0,2,2,5,3,28,FALSE,"401123390"
"334","N. Richards","F",1,0,0,0,0,0,0,0,0,0,0,0,0,0,1,0,FALSE,"401123390"
"335","I. Quickley","G",19,1,6,1,6,0,0,0,0,0,1,0,0,0,2,3,FALSE,"401123390"
"336","J. Baker","G",4,0,0,0,0,0,0,0,0,0,0,0,0,0,2,0,FALSE,"401123390"
