"","player","position","MIN","FGM","FGA","3PTM","3PTA","FTM","FTA","OREB","DREB","REB","AST","STL","BLK","TO","PF","PTS","GP","GS"
"1","A. Goodwin","G",31.7575757575758,4.75757575757576,10.8181818181818,0.515151515151515,1.93939393939394,4.09090909090909,6.42424242424242,1.45454545454545,3.15151515151515,4.60606060606061,2.66666666666667,1.09090909090909,0.454545454545455,3.06060606060606,2.93939393939394,14.1212121212121,33,33
"2","A. Poythress","F",25.8181818181818,4.03030303030303,6.93939393939394,0.424242424242424,1,2.75757575757576,4,1.87878787878788,4.15151515151515,6.03030303030303,0.666666666666667,0.272727272727273,0.424242424242424,2,2.66666666666667,11.2424242424242,33,30
"3","B. Long","G",NA,NA,NA,NA,NA,NA,NA,NA,NA,NA,NA,NA,NA,NA,NA,NA,4,1
"4","J. Hood","C",6.34782608695652,0.565217391304348,1.1304347826087,0.260869565217391,0.652173913043478,0.0869565217391304,0.0869565217391304,0.304347826086957,0.91304347826087,1.21739130434783,0.0869565217391304,0.304347826086957,0.0434782608695652,0.130434782608696,0.565217391304348,1.47826086956522,23,0
"5","J. Mays","G",33.030303030303,2.81818181818182,7.48484848484848,1.96969696969697,5.3030303030303,1.66666666666667,1.96969696969697,0.484848484848485,2.45454545454545,2.93939393939394,2.87878787878788,0.424242424242424,0,1.15151515151515,1.90909090909091,9.27272727272727,33,28
"6","J. Polson","C",13.8484848484848,1.09090909090909,2.06060606060606,0.181818181818182,0.636363636363636,0.696969696969697,0.96969696969697,0.545454545454545,1.12121212121212,1.66666666666667,1.06060606060606,0.303030303030303,0.0606060606060606,0.757575757575758,1.42424242424242,3.06060606060606,33,1
"7","K. Wiltjer","F",23.7575757575758,3.54545454545455,8.42424242424242,1.66666666666667,4.54545454545455,1.42424242424242,1.75757575757576,1.06060606060606,3.09090909090909,4.15151515151515,1.51515151515152,0.363636363636364,0.424242424242424,1.27272727272727,1.54545454545455,10.1818181818182,33,10
"8","N. Noel","F",31.875,4.08333333333333,6.91666666666667,0,0,2.29166666666667,4.33333333333333,2.70833333333333,6.75,9.45833333333333,1.58333333333333,2.08333333333333,4.41666666666667,1.875,2.58333333333333,10.4583333333333,24,24
"9","R. Harrow","G",27.1379310344828,3.79310344827586,9.17241379310345,0.724137931034483,2.44827586206897,1.58620689655172,2.24137931034483,0.655172413793103,2.17241379310345,2.82758620689655,2.82758620689655,0.724137931034483,0.137931034482759,1.6551724137931,2.41379310344828,9.89655172413793,29,24
"10","S. Malone","G",2,0,0,0,0,0,0,0.333333333333333,0.666666666666667,1,0,0,0,0.666666666666667,0,0,3,0
"11","T. Beckham","G",3.4,0.2,0.6,0,0,0,0.2,0,0.4,0.4,0.4,0.2,0.2,0.2,0.2,0.4,5,0
"12","T. Lanter","G",1.5,0,0.5,0,0.333333333333333,0,0,0.166666666666667,0.166666666666667,0.333333333333333,0,0,0,0.333333333333333,0.166666666666667,0,6,0
"13","W. Cauley-Stein","F",23.551724137931,3.62068965517241,5.82758620689655,0,0,1.10344827586207,2.96551724137931,2.31034482758621,3.86206896551724,6.17241379310345,0.931034482758621,0.827586206896552,2.06896551724138,1.6551724137931,2.41379310344828,8.3448275862069,29,14
