"","player","position","MIN","FGM","FGA","3PTM","3PTA","FTM","FTA","OREB","DREB","REB","AST","STL","BLK","TO","PF","PTS","starter","game_id"
"1","A. Poythress","F",23,3,8,0,0,2,4,4,3,7,0,0,0,3,4,8,TRUE,"323140096"
"2","N. Noel","F",26,2,6,0,0,0,3,2,7,9,0,2,3,0,3,4,TRUE,"323140096"
"3","K. Wiltjer","F",24,6,9,4,6,3,4,1,5,6,2,0,3,3,3,19,TRUE,"323140096"
"4","A. Goodwin","G",37,3,8,1,1,9,11,0,2,2,2,0,0,3,1,16,TRUE,"323140096"
"5","R. Harrow","G",10,0,4,0,2,0,0,0,0,0,2,0,1,1,2,0,TRUE,"323140096"
"6","W. Cauley-Stein","F",28,3,6,0,0,2,4,2,4,6,2,0,4,2,2,8,FALSE,"323140096"
"7","J. Polson","C",22,4,5,0,1,2,2,2,0,2,3,1,0,0,1,10,FALSE,"323140096"
"8","J. Mays","G",30,3,10,1,3,0,0,1,1,2,1,2,0,0,0,7,FALSE,"323140096"
"9","N. Noel","F",38,5,11,0,0,6,8,2,6,8,2,4,3,1,3,16,TRUE,"323180096"
"10","K. Wiltjer","F",32,2,5,1,2,0,0,1,2,3,4,0,0,0,2,5,TRUE,"323180096"
"11","A. Goodwin","G",37,5,12,1,2,5,8,1,5,6,4,0,1,4,4,16,TRUE,"323180096"
"12","J. Mays","G",37,2,8,1,4,2,2,0,1,1,3,0,0,4,3,7,TRUE,"323180096"
"13","B. Long","G",NA,NA,NA,NA,NA,NA,NA,NA,NA,NA,NA,NA,NA,NA,NA,NA,TRUE,"323180096"
"14","A. Poythress","F",37,9,12,1,2,1,2,5,3,8,0,0,0,2,2,20,FALSE,"323180096"
"15","W. Cauley-Stein","F",6,2,3,0,0,0,1,0,0,0,0,0,0,1,3,4,FALSE,"323180096"
"16","J. Polson","C",12,0,0,0,0,0,0,0,1,1,0,0,0,1,3,0,FALSE,"323180096"
"17","J. Hood","C",1,0,0,0,0,0,0,0,0,0,0,0,0,0,0,0,FALSE,"323180096"
"18","A. Poythress","F",23,9,10,0,0,4,5,1,4,5,0,1,1,2,0,22,TRUE,"323210096"
"19","N. Noel","F",28,6,8,0,0,3,5,3,4,7,4,4,1,2,2,15,TRUE,"323210096"
"20","K. Wiltjer","F",24,8,16,7,11,0,0,0,4,4,2,0,0,0,0,23,TRUE,"323210096"
"21","A. Goodwin","G",25,5,8,2,3,1,3,1,2,3,3,1,1,3,2,13,TRUE,"323210096"
"22","J. Mays","G",31,2,3,1,2,0,0,0,3,3,10,2,0,0,1,5,TRUE,"323210096"
"23","W. Cauley-Stein","F",24,6,9,0,0,2,2,2,2,4,0,2,0,1,0,14,FALSE,"323210096"
"24","J. Polson","C",26,3,5,1,2,0,0,0,2,2,3,2,0,1,2,7,FALSE,"323210096"
"25","J. Hood","C",11,0,1,0,0,0,0,0,2,2,0,2,0,1,1,0,FALSE,"323210096"
"26","T. Lanter","G",2,0,0,0,0,0,0,0,0,0,0,0,0,0,0,0,FALSE,"323210096"
"27","B. Long","G",2,0,1,0,1,0,0,0,0,0,0,0,0,0,0,0,FALSE,"323210096"
"28","T. Beckham","G",4,1,1,0,0,0,1,0,0,0,1,1,0,0,0,2,FALSE,"323210096"
"29","A. Poythress","F",38,6,12,0,0,8,8,3,5,8,0,0,0,2,1,20,TRUE,"323260096"
"30","N. Noel","F",35,3,4,0,0,3,7,3,8,11,4,3,6,3,3,9,TRUE,"323260096"
"31","K. Wiltjer","F",24,4,8,1,5,0,0,1,3,4,0,0,1,2,3,9,TRUE,"323260096"
"32","A. Goodwin","G",36,8,13,0,0,12,17,1,5,6,4,0,3,4,1,28,TRUE,"323260096"
"33","J. Mays","G",33,2,7,1,5,6,7,0,3,3,2,0,0,0,1,11,TRUE,"323260096"
"34","W. Cauley-Stein","F",21,1,3,0,0,0,0,0,4,4,1,0,1,2,1,2,FALSE,"323260096"
"35","J. Polson","C",13,0,0,0,0,2,2,0,1,1,0,0,0,0,2,2,FALSE,"323260096"
"36","A. Poythress","F",29,9,11,0,0,4,6,0,9,9,1,0,0,2,4,22,TRUE,"323280096"
"37","N. Noel","F",30,9,11,0,0,0,0,2,6,8,5,0,5,2,3,18,TRUE,"323280096"
"38","K. Wiltjer","F",20,2,5,1,4,2,2,1,3,4,5,0,1,1,2,7,TRUE,"323280096"
"39","A. Goodwin","G",36,8,14,1,1,5,7,1,8,9,9,2,1,3,2,22,TRUE,"323280096"
"40","J. Mays","G",34,6,10,3,6,0,0,0,0,0,6,0,0,1,2,15,TRUE,"323280096"
"41","W. Cauley-Stein","F",25,5,7,0,0,2,5,3,5,8,1,0,4,0,2,12,FALSE,"323280096"
"42","J. Polson","C",19,2,3,1,1,0,1,0,2,2,1,1,0,1,1,5,FALSE,"323280096"
"43","J. Hood","C",7,1,1,1,1,0,0,1,0,1,0,2,0,0,0,3,FALSE,"323280096"
"44","A. Poythress","F",23,1,1,0,0,1,3,0,2,2,1,0,1,3,4,3,TRUE,"323340087"
"45","N. Noel","F",32,4,10,0,0,2,4,3,4,7,1,2,1,0,4,10,TRUE,"323340087"
"46","K. Wiltjer","F",31,2,7,0,4,2,3,2,3,5,0,2,0,2,2,6,TRUE,"323340087"
"47","A. Goodwin","G",32,1,7,0,0,1,2,0,7,7,5,1,1,2,2,3,TRUE,"323340087"
"48","J. Mays","G",35,5,10,4,7,2,2,0,2,2,3,0,0,3,1,16,TRUE,"323340087"
"49","W. Cauley-Stein","F",18,3,4,0,0,0,0,1,0,1,1,0,0,1,0,6,FALSE,"323340087"
"50","J. Polson","C",16,1,3,0,2,0,0,1,0,1,1,0,0,0,1,2,FALSE,"323340087"
"51","J. Hood","C",4,1,1,0,0,0,0,0,0,0,0,0,0,0,2,2,FALSE,"323340087"
"52","R. Harrow","G",9,1,4,0,1,0,0,0,1,1,0,1,0,1,0,2,FALSE,"323340087"
"53","A. Poythress","F",34,6,10,1,2,0,1,5,1,6,2,1,2,5,2,13,TRUE,"323360096"
"54","N. Noel","F",31,3,14,0,0,2,3,7,9,16,2,6,1,2,3,8,TRUE,"323360096"
"55","K. Wiltjer","F",23,1,11,1,9,0,0,1,1,2,0,0,0,0,2,3,TRUE,"323360096"
"56","A. Goodwin","G",37,5,11,0,1,7,12,3,3,6,5,2,0,5,5,17,TRUE,"323360096"
"57","J. Mays","G",39,2,9,2,8,0,0,1,4,5,1,0,0,2,1,6,TRUE,"323360096"
"58","W. Cauley-Stein","F",13,3,7,0,0,0,2,3,4,7,0,0,2,2,4,6,FALSE,"323360096"
"59","J. Polson","C",4,0,0,0,0,0,0,0,0,0,0,0,0,0,0,0,FALSE,"323360096"
"60","J. Hood","C",1,0,0,0,0,0,0,0,0,0,0,0,0,0,0,0,FALSE,"323360096"
"61","R. Harrow","G",18,1,9,0,2,0,0,0,3,3,2,1,0,0,0,2,FALSE,"323360096"
"62","A. Poythress","F",27,7,9,2,3,0,0,2,6,8,1,0,1,5,2,16,TRUE,"323390096"
"63","N. Noel","F",25,6,8,0,0,1,2,2,4,6,0,2,5,3,2,13,TRUE,"323390096"
"64","K. Wiltjer","F",27,3,9,1,5,3,3,0,7,7,4,1,0,0,2,10,TRUE,"323390096"
"65","A. Goodwin","G",25,6,11,2,4,4,4,0,3,3,4,3,0,1,2,18,TRUE,"323390096"
"66","J. Mays","G",28,4,6,2,4,0,0,1,2,3,5,0,0,1,3,10,TRUE,"323390096"
"67","W. Cauley-Stein","F",22,5,10,0,0,2,5,6,6,12,1,3,4,0,0,12,FALSE,"323390096"
"68","J. Polson","C",21,0,3,0,1,1,2,0,1,1,4,2,0,2,2,1,FALSE,"323390096"
"69","J. Hood","C",4,2,3,2,3,0,0,0,1,1,0,0,0,0,0,6,FALSE,"323390096"
"70","R. Harrow","G",21,1,2,0,1,0,2,0,0,0,4,0,0,0,2,2,FALSE,"323390096"
"71","A. Poythress","F",29,6,8,1,2,2,4,1,5,6,0,0,2,3,1,15,TRUE,"323430096"
"72","N. Noel","F",31,2,3,0,0,3,5,2,7,9,2,1,7,2,2,7,TRUE,"323430096"
"73","K. Wiltjer","F",22,5,8,1,3,1,1,0,3,3,2,1,0,2,0,12,TRUE,"323430096"
"74","A. Goodwin","G",33,6,12,0,1,3,5,3,5,8,4,2,0,4,3,15,TRUE,"323430096"
"75","J. Mays","G",33,5,14,1,4,2,2,1,3,4,0,0,0,0,1,13,TRUE,"323430096"
"76","W. Cauley-Stein","F",19,2,4,0,0,0,2,3,4,7,0,2,3,2,4,4,FALSE,"323430096"
"77","J. Polson","C",4,0,1,0,0,0,0,0,1,1,0,0,0,0,0,0,FALSE,"323430096"
"78","J. Hood","C",1,0,0,0,0,0,0,0,0,0,0,0,0,0,0,0,FALSE,"323430096"
"79","T. Lanter","G",1,0,1,0,1,0,0,0,0,0,0,0,0,0,0,0,FALSE,"323430096"
"80","S. Malone","G",1,0,0,0,0,0,0,0,0,0,0,0,0,0,0,0,FALSE,"323430096"
"81","R. Harrow","G",25,3,8,1,2,1,3,0,4,4,6,1,0,1,3,8,FALSE,"323430096"
"82","T. Beckham","G",1,0,0,0,0,0,0,0,0,0,0,0,0,0,0,0,FALSE,"323430096"
"83","A. Poythress","F",25,2,8,0,2,7,10,2,2,4,0,0,0,2,2,11,TRUE,"323500096"
"84","N. Noel","F",22,3,5,0,0,1,2,4,5,9,1,4,7,3,5,7,TRUE,"323500096"
"85","A. Goodwin","G",22,5,9,0,2,0,3,1,3,4,4,0,2,3,3,10,TRUE,"323500096"
"86","R. Harrow","G",31,6,13,0,3,0,0,1,0,1,2,2,0,0,2,12,TRUE,"323500096"
"87","J. Mays","G",30,1,8,0,4,5,5,3,3,6,4,1,0,0,2,7,TRUE,"323500096"
"88","W. Cauley-Stein","F",20,3,4,0,0,2,3,0,2,2,4,3,1,2,1,8,FALSE,"323500096"
"89","K. Wiltjer","F",24,8,12,7,9,0,0,5,7,12,2,1,0,1,2,23,FALSE,"323500096"
"90","J. Polson","C",15,3,5,0,0,1,3,1,0,1,1,1,0,2,1,7,FALSE,"323500096"
"91","J. Hood","C",9,1,2,1,2,0,0,0,1,1,0,0,0,1,1,3,FALSE,"323500096"
"92","T. Beckham","G",2,0,0,0,0,0,0,0,1,1,0,0,0,0,1,0,FALSE,"323500096"
"93","A. Poythress","F",21,3,5,0,0,3,4,5,4,9,1,0,1,2,5,9,TRUE,"323570096"
"94","N. Noel","F",29,4,8,0,0,3,6,3,7,10,0,2,2,1,4,11,TRUE,"323570096"
"95","A. Goodwin","G",30,4,17,0,3,10,11,3,3,6,2,2,0,4,3,18,TRUE,"323570096"
"96","R. Harrow","G",33,10,17,1,4,2,3,0,4,4,4,3,0,2,1,23,TRUE,"323570096"
"97","J. Mays","G",30,1,7,0,5,3,3,0,3,3,5,2,0,0,4,5,TRUE,"323570096"
"98","W. Cauley-Stein","F",25,4,6,0,0,0,0,4,3,7,1,1,3,0,3,8,FALSE,"323570096"
"99","K. Wiltjer","F",22,3,9,2,5,0,0,2,3,5,0,0,0,0,1,8,FALSE,"323570096"
"100","J. Polson","C",9,0,0,0,0,0,0,0,1,1,0,0,0,0,1,0,FALSE,"323570096"
"101","T. Beckham","G",1,0,0,0,0,0,0,0,0,0,1,0,1,0,0,0,FALSE,"323570096"
"102","W. Cauley-Stein","F",23,3,4,0,0,0,4,4,4,8,2,0,3,0,4,6,TRUE,"323640097"
"103","N. Noel","F",31,4,5,0,0,0,1,3,5,8,0,2,2,2,4,8,TRUE,"323640097"
"104","A. Goodwin","G",36,8,15,3,5,3,4,0,5,5,2,1,0,5,3,22,TRUE,"323640097"
"105","R. Harrow","G",39,6,15,1,1,4,6,3,2,5,3,2,0,0,4,17,TRUE,"323640097"
"106","J. Mays","G",35,1,8,1,6,0,0,1,2,3,2,0,0,2,3,3,TRUE,"323640097"
"107","A. Poythress","F",15,2,4,1,2,2,6,1,4,5,0,0,0,2,2,7,FALSE,"323640097"
"108","K. Wiltjer","F",19,4,7,4,7,2,2,0,3,3,1,0,0,3,1,14,FALSE,"323640097"
"109","J. Polson","C",2,0,0,0,0,0,0,0,1,1,0,0,0,0,0,0,FALSE,"323640097"
"110","A. Poythress","F",23,5,8,0,2,6,8,2,3,5,1,0,0,2,3,16,TRUE,"330020096"
"111","W. Cauley-Stein","F",22,5,6,0,0,1,2,1,10,11,1,2,2,2,0,11,TRUE,"330020096"
"112","N. Noel","F",32,3,4,0,0,2,2,2,11,13,1,2,3,1,1,8,TRUE,"330020096"
"113","A. Goodwin","G",25,3,6,0,2,2,2,2,0,2,2,0,0,0,4,8,TRUE,"330020096"
"114","R. Harrow","G",28,5,8,4,5,1,2,1,1,2,8,4,0,4,0,15,TRUE,"330020096"
"115","K. Wiltjer","F",22,7,15,3,6,0,1,2,3,5,2,0,1,1,1,17,FALSE,"330020096"
"116","J. Polson","C",11,0,3,0,3,2,2,1,3,4,2,0,0,0,0,2,FALSE,"330020096"
"117","T. Lanter","G",2,0,1,0,1,0,0,0,0,0,0,0,0,0,0,0,FALSE,"330020096"
"118","B. Long","G",2,0,0,0,0,0,0,0,0,0,0,0,0,0,0,0,FALSE,"330020096"
"119","S. Malone","G",2,0,0,0,0,0,0,0,2,2,0,0,0,2,0,0,FALSE,"330020096"
"120","T. Beckham","G",9,0,2,0,0,0,0,0,1,1,0,0,0,1,0,0,FALSE,"330020096"
"121","J. Mays","G",22,3,7,3,7,4,5,0,3,3,4,1,0,2,0,13,FALSE,"330020096"
"122","A. Poythress","F",23,2,3,0,1,3,4,0,6,6,0,0,1,4,5,7,TRUE,"330100238"
"123","W. Cauley-Stein","F",30,3,5,0,0,1,3,2,6,8,4,2,4,0,1,7,TRUE,"330100238"
"124","N. Noel","F",34,6,8,0,0,1,2,2,5,7,0,2,3,3,3,13,TRUE,"330100238"
"125","A. Goodwin","G",37,5,14,0,4,2,4,2,3,5,3,2,0,5,1,12,TRUE,"330100238"
"126","R. Harrow","G",36,6,13,2,5,2,2,0,4,4,4,1,0,2,0,16,TRUE,"330100238"
"127","K. Wiltjer","F",14,1,5,0,2,0,0,1,0,1,1,0,0,1,3,2,FALSE,"330100238"
"128","J. Polson","C",1,0,0,0,0,0,0,0,0,0,0,0,0,0,1,0,FALSE,"330100238"
"129","J. Mays","G",25,1,5,1,5,0,0,0,4,4,0,0,0,1,1,3,FALSE,"330100238"
"130","A. Poythress","F",21,4,8,1,1,3,3,3,3,6,1,0,0,0,0,12,TRUE,"330120096"
"131","W. Cauley-Stein","F",24,3,4,0,0,0,0,2,1,3,0,0,0,0,5,6,TRUE,"330120096"
"132","N. Noel","F",39,4,6,0,0,7,8,4,7,11,6,4,7,0,1,15,TRUE,"330120096"
"133","A. Goodwin","G",34,6,16,1,4,4,7,2,0,2,1,0,0,4,3,17,TRUE,"330120096"
"134","R. Harrow","G",39,5,13,2,6,2,2,1,2,3,2,0,0,5,4,14,TRUE,"330120096"
"135","K. Wiltjer","F",19,0,2,0,1,0,0,0,2,2,0,0,0,1,0,0,FALSE,"330120096"
"136","J. Polson","C",1,0,0,0,0,0,0,0,0,0,0,0,0,0,0,0,FALSE,"330120096"
"137","J. Mays","G",23,2,7,2,6,1,2,0,0,0,4,0,0,0,1,7,FALSE,"330120096"
"138","A. Poythress","F",24,3,5,2,2,2,2,1,7,8,1,0,0,2,1,10,TRUE,"330150096"
"139","W. Cauley-Stein","F",15,3,5,0,0,1,3,3,2,5,0,0,0,2,3,7,TRUE,"330150096"
"140","N. Noel","F",38,5,7,0,0,2,5,2,7,9,2,4,6,3,2,12,TRUE,"330150096"
"141","A. Goodwin","G",30,2,10,0,1,4,6,1,1,2,3,1,0,2,5,8,TRUE,"330150096"
"142","R. Harrow","G",33,3,9,0,3,6,9,0,3,3,4,1,0,0,4,12,TRUE,"330150096"
"143","K. Wiltjer","F",26,6,10,2,6,3,4,1,4,5,2,0,2,1,0,17,FALSE,"330150096"
"144","J. Polson","C",7,0,0,0,0,0,0,0,0,0,0,0,0,0,0,0,FALSE,"330150096"
"145","J. Mays","G",27,3,5,2,3,1,2,0,0,0,1,0,0,1,2,9,FALSE,"330150096"
"146","A. Poythress","F",29,3,7,0,0,6,8,3,4,7,0,1,0,3,1,12,TRUE,"330190002"
"147","N. Noel","F",25,5,8,0,0,0,0,1,8,9,0,0,7,2,4,10,TRUE,"330190002"
"148","A. Goodwin","G",35,5,7,0,2,2,4,2,5,7,1,3,0,2,4,12,TRUE,"330190002"
"149","R. Harrow","G",34,6,12,0,3,0,1,2,3,5,8,1,0,5,2,12,TRUE,"330190002"
"150","J. Mays","G",34,2,5,2,4,0,1,0,3,3,3,0,0,0,0,6,TRUE,"330190002"
"151","K. Wiltjer","F",29,6,13,3,6,2,2,1,3,4,5,1,0,2,1,17,FALSE,"330190002"
"152","J. Polson","C",10,3,3,0,0,0,0,1,2,3,0,0,1,1,2,6,FALSE,"330190002"
"153","J. Hood","C",4,0,0,0,0,0,0,0,1,1,0,0,0,0,0,0,FALSE,"330190002"
"154","A. Poythress","F",15,2,3,0,0,2,2,1,4,5,0,0,0,2,5,6,TRUE,"330220333"
"155","N. Noel","F",39,4,9,0,0,0,0,4,9,13,0,1,8,2,1,8,TRUE,"330220333"
"156","A. Goodwin","G",35,2,12,0,1,3,6,1,6,7,2,1,2,3,2,7,TRUE,"330220333"
"157","R. Harrow","G",29,3,12,0,1,0,0,0,1,1,2,0,0,1,4,6,TRUE,"330220333"
"158","J. Mays","G",32,4,8,4,5,0,0,1,2,3,1,0,0,2,4,12,TRUE,"330220333"
"159","K. Wiltjer","F",35,6,10,1,2,1,3,2,5,7,2,1,0,3,1,14,FALSE,"330220333"
"160","J. Polson","C",14,1,2,0,0,0,0,1,2,3,2,0,0,0,2,2,FALSE,"330220333"
"161","J. Hood","C",1,0,0,0,0,0,0,0,1,1,0,0,0,0,0,0,FALSE,"330220333"
"162","A. Poythress","F",30,6,9,0,0,8,10,4,8,12,0,1,0,1,3,20,TRUE,"330260096"
"163","N. Noel","F",38,4,5,0,0,2,3,2,6,8,2,1,6,4,1,10,TRUE,"330260096"
"164","A. Goodwin","G",37,5,12,0,1,5,9,3,2,5,2,1,0,4,3,15,TRUE,"330260096"
"165","R. Harrow","G",24,5,11,0,3,1,2,0,1,1,1,0,0,2,0,11,TRUE,"330260096"
"166","J. Mays","G",33,3,6,2,4,1,2,1,3,4,1,0,0,2,4,9,TRUE,"330260096"
"167","K. Wiltjer","F",23,3,8,0,3,2,2,2,1,3,1,0,0,2,1,8,FALSE,"330260096"
"168","J. Polson","C",14,1,1,0,0,0,0,0,1,1,0,0,0,1,3,2,FALSE,"330260096"
"169","J. Hood","C",1,0,0,0,0,0,0,0,0,0,0,1,0,0,0,0,FALSE,"330260096"
"170","A. Poythress","F",20,6,9,1,2,2,4,1,6,7,0,0,0,1,4,15,TRUE,"330290145"
"171","N. Noel","F",36,0,1,0,0,2,8,1,6,7,2,1,12,1,4,2,TRUE,"330290145"
"172","A. Goodwin","G",35,6,11,0,2,12,14,3,3,6,4,0,0,3,2,24,TRUE,"330290145"
"173","R. Harrow","G",28,3,7,1,1,6,9,1,2,3,2,0,1,2,3,13,TRUE,"330290145"
"174","J. Mays","G",23,2,6,1,5,0,0,1,6,7,4,1,0,2,3,5,TRUE,"330290145"
"175","K. Wiltjer","F",35,10,19,5,12,1,2,1,6,7,3,3,0,0,2,26,FALSE,"330290145"
"176","J. Polson","C",15,1,3,0,1,0,0,0,2,2,1,0,0,0,3,2,FALSE,"330290145"
"177","J. Hood","C",8,0,0,0,0,0,0,0,3,3,1,0,0,0,1,0,FALSE,"330290145"
"178","A. Poythress","F",27,0,3,0,1,5,6,0,4,4,0,0,0,1,4,5,TRUE,"330330245"
"179","N. Noel","F",41,7,10,0,0,5,10,4,10,14,3,1,2,1,1,19,TRUE,"330330245"
"180","A. Goodwin","G",26,4,10,0,1,1,2,0,2,2,2,0,0,1,4,9,TRUE,"330330245"
"181","R. Harrow","G",41,3,9,2,5,0,0,0,1,1,3,1,0,5,2,8,TRUE,"330330245"
"182","J. Mays","G",41,5,8,4,6,5,6,1,1,2,2,1,0,2,2,19,TRUE,"330330245"
"183","W. Cauley-Stein","F",4,0,0,0,0,0,2,0,1,1,0,0,0,1,1,0,FALSE,"330330245"
"184","K. Wiltjer","F",32,2,4,1,2,5,6,0,5,5,2,0,3,6,2,10,FALSE,"330330245"
"185","J. Polson","C",13,0,0,0,0,2,2,1,0,1,1,0,0,1,1,2,FALSE,"330330245"
"186","A. Poythress","F",21,2,5,0,0,3,3,2,7,9,0,1,1,4,4,7,TRUE,"330360096"
"187","N. Noel","F",30,5,8,0,0,0,3,2,8,10,0,0,5,2,1,10,TRUE,"330360096"
"188","A. Goodwin","G",33,3,8,0,1,7,12,1,4,5,3,1,1,3,3,13,TRUE,"330360096"
"189","R. Harrow","G",25,6,6,0,0,0,0,0,2,2,4,1,0,1,4,12,TRUE,"330360096"
"190","J. Mays","G",32,4,5,4,5,3,3,0,1,1,4,0,0,2,2,15,TRUE,"330360096"
"191","W. Cauley-Stein","F",22,5,7,0,0,3,5,1,5,6,0,0,2,0,2,13,FALSE,"330360096"
"192","K. Wiltjer","F",24,1,4,1,2,2,2,1,5,6,0,0,0,3,4,5,FALSE,"330360096"
"193","J. Polson","C",11,0,0,0,0,0,0,0,2,2,2,0,0,2,0,0,FALSE,"330360096"
"194","J. Hood","C",2,1,1,0,0,0,0,0,0,0,0,0,0,0,0,2,FALSE,"330360096"
"195","A. Poythress","F",27,3,5,0,1,2,2,1,1,2,2,1,0,2,4,8,TRUE,"330400096"
"196","N. Noel","F",32,1,2,0,0,8,13,4,8,12,1,1,1,2,2,10,TRUE,"330400096"
"197","A. Goodwin","G",17,1,6,0,1,1,4,1,1,2,1,0,1,2,4,3,TRUE,"330400096"
"198","R. Harrow","G",26,3,6,1,3,5,6,0,1,1,1,0,2,0,3,12,TRUE,"330400096"
"199","J. Mays","G",37,2,8,2,8,4,4,0,6,6,2,0,0,0,3,10,TRUE,"330400096"
"200","W. Cauley-Stein","F",19,5,5,0,0,2,5,2,2,4,1,0,0,0,3,12,FALSE,"330400096"
"201","K. Wiltjer","F",22,4,11,2,6,4,4,1,2,3,2,1,0,2,1,14,FALSE,"330400096"
"202","J. Polson","C",20,1,3,1,2,0,0,1,2,3,2,1,0,1,1,3,FALSE,"330400096"
"203","A. Poythress","F",29,1,9,0,1,3,5,2,2,4,2,2,0,3,0,5,TRUE,"330430057"
"204","N. Noel","F",23,3,5,0,0,2,4,1,5,6,0,1,3,3,3,8,TRUE,"330430057"
"205","A. Goodwin","G",30,4,9,0,1,0,0,1,0,1,3,3,0,4,4,8,TRUE,"330430057"
"206","R. Harrow","G",19,0,3,0,1,0,0,0,1,1,1,0,0,2,1,0,TRUE,"330430057"
"207","J. Mays","G",34,4,7,2,5,0,0,0,2,2,3,1,0,1,2,10,TRUE,"330430057"
"208","W. Cauley-Stein","F",20,5,9,0,0,0,0,3,3,6,1,0,0,2,3,10,FALSE,"330430057"
"209","K. Wiltjer","F",23,3,5,1,2,0,0,2,0,2,0,0,0,1,0,7,FALSE,"330430057"
"210","J. Polson","C",15,1,2,1,2,1,2,0,1,1,1,0,0,1,2,4,FALSE,"330430057"
"211","J. Hood","C",7,0,1,0,0,0,0,0,1,1,0,0,0,0,0,0,FALSE,"330430057"
"212","W. Cauley-Stein","F",23,1,4,0,0,0,0,2,0,2,1,1,2,4,5,2,TRUE,"330472633"
"213","K. Wiltjer","F",28,5,15,2,5,6,6,2,4,6,0,0,1,2,1,18,TRUE,"330472633"
"214","J. Polson","C",22,3,4,1,1,4,4,2,2,4,0,1,0,1,4,11,TRUE,"330472633"
"215","A. Goodwin","G",34,2,9,0,1,3,5,1,1,2,4,1,0,4,3,7,TRUE,"330472633"
"216","J. Mays","G",39,4,10,3,7,1,2,0,1,1,3,0,0,2,1,12,TRUE,"330472633"
"217","A. Poythress","F",20,2,4,0,0,0,1,1,1,2,0,0,0,1,5,4,FALSE,"330472633"
"218","J. Hood","C",15,2,5,0,1,0,0,3,0,3,0,0,0,0,0,4,FALSE,"330472633"
"219","T. Lanter","G",1,0,0,0,0,0,0,0,0,0,0,0,0,0,0,0,FALSE,"330472633"
"220","R. Harrow","G",18,0,2,0,0,0,0,0,0,0,0,0,0,1,5,0,FALSE,"330472633"
"221","A. Poythress","F",27,3,9,0,1,1,3,1,3,4,0,0,0,0,2,7,TRUE,"330510096"
"222","W. Cauley-Stein","F",32,8,10,0,0,4,7,3,4,7,0,1,3,3,3,20,TRUE,"330510096"
"223","A. Goodwin","G",33,7,14,0,1,2,4,3,3,6,3,0,0,2,1,16,TRUE,"330510096"
"224","R. Harrow","G",32,6,9,0,1,0,1,2,3,5,4,1,0,0,5,12,TRUE,"330510096"
"225","J. Mays","G",39,2,7,2,6,3,4,1,5,6,6,1,0,1,1,9,TRUE,"330510096"
"226","K. Wiltjer","F",20,2,5,1,2,2,2,0,3,3,0,1,2,0,3,7,FALSE,"330510096"
"227","J. Polson","C",16,1,2,1,1,0,0,0,3,3,1,0,0,1,1,3,FALSE,"330510096"
"228","J. Hood","C",1,0,0,0,0,0,0,0,0,0,0,0,0,0,0,0,FALSE,"330510096"
"229","A. Poythress","F",40,8,10,1,1,4,6,2,5,7,2,0,1,0,3,21,TRUE,"330540096"
"230","W. Cauley-Stein","F",35,3,7,0,0,1,7,4,8,12,1,1,7,2,2,7,TRUE,"330540096"
"231","A. Goodwin","G",35,7,12,2,3,2,4,0,3,3,1,1,1,7,3,18,TRUE,"330540096"
"232","R. Harrow","G",42,6,14,0,2,4,4,2,6,8,6,1,0,3,3,16,TRUE,"330540096"
"233","J. Mays","G",44,6,12,4,8,8,9,1,5,6,3,0,0,1,3,24,TRUE,"330540096"
"234","K. Wiltjer","F",18,0,2,0,1,4,6,0,1,1,3,0,0,1,0,4,FALSE,"330540096"
"235","J. Polson","C",9,0,2,0,2,0,0,0,0,0,0,0,0,0,2,0,FALSE,"330540096"
"236","J. Hood","C",2,0,0,0,0,0,0,0,0,0,0,0,0,0,0,0,FALSE,"330540096"
"237","A. Poythress","F",28,7,11,1,2,1,2,2,6,8,1,0,1,1,1,16,TRUE,"330580096"
"238","W. Cauley-Stein","F",32,6,7,0,0,0,0,0,6,6,1,1,3,2,3,12,TRUE,"330580096"
"239","A. Goodwin","G",23,4,10,1,3,2,2,2,1,3,1,0,1,3,3,11,TRUE,"330580096"
"240","R. Harrow","G",30,6,9,3,6,4,5,1,6,7,4,0,0,0,0,19,TRUE,"330580096"
"241","J. Mays","G",21,4,6,3,5,0,0,1,2,3,4,0,0,1,3,11,TRUE,"330580096"
"242","K. Wiltjer","F",21,1,7,0,3,0,0,0,3,3,3,0,0,0,2,2,FALSE,"330580096"
"243","J. Polson","C",21,4,5,0,0,1,2,2,2,4,3,1,0,3,1,9,FALSE,"330580096"
"244","J. Hood","C",16,2,4,1,3,0,0,1,2,3,1,1,0,0,2,5,FALSE,"330580096"
"245","T. Lanter","G",3,0,1,0,0,0,0,1,1,2,0,0,0,2,1,0,FALSE,"330580096"
"246","B. Long","G",2,0,2,0,0,0,0,0,0,0,0,1,0,0,0,0,FALSE,"330580096"
"247","S. Malone","G",3,0,0,0,0,0,0,1,0,1,0,0,0,0,0,0,FALSE,"330580096"
"248","A. Poythress","F",17,3,3,1,1,2,2,1,3,4,0,0,0,3,5,9,TRUE,"330610008"
"249","W. Cauley-Stein","F",37,5,7,0,0,3,8,3,7,10,0,2,4,5,3,13,TRUE,"330610008"
"250","A. Goodwin","G",37,5,8,0,2,4,9,1,4,5,2,1,0,3,4,14,TRUE,"330610008"
"251","R. Harrow","G",22,3,9,0,2,4,4,1,2,3,2,0,0,2,3,10,TRUE,"330610008"
"252","J. Mays","G",36,1,8,1,6,0,0,0,4,4,0,0,0,1,3,3,TRUE,"330610008"
"253","K. Wiltjer","F",21,2,5,1,2,0,0,1,4,5,1,0,0,2,3,5,FALSE,"330610008"
"254","J. Polson","C",21,1,2,0,0,4,4,0,1,1,0,0,0,2,2,6,FALSE,"330610008"
"255","J. Hood","C",9,0,1,0,1,0,0,0,4,4,0,0,0,0,1,0,FALSE,"330610008"
"256","A. Poythress","F",19,1,3,0,1,2,3,1,3,4,3,1,0,0,5,4,TRUE,"330660061"
"257","W. Cauley-Stein","F",33,5,9,0,0,0,3,4,7,11,2,1,2,4,2,10,TRUE,"330660061"
"258","A. Goodwin","G",31,7,15,3,6,3,6,4,2,6,0,2,0,2,5,20,TRUE,"330660061"
"259","R. Harrow","G",25,4,12,1,4,2,2,2,2,4,0,0,0,1,5,11,TRUE,"330660061"
"260","J. Mays","G",38,0,4,0,2,0,0,0,2,2,1,0,0,1,2,0,TRUE,"330660061"
"261","K. Wiltjer","F",29,5,16,2,11,0,0,0,4,4,1,0,0,0,2,12,FALSE,"330660061"
"262","J. Polson","C",18,0,2,0,2,1,2,3,1,4,1,0,0,2,4,1,FALSE,"330660061"
"263","J. Hood","C",7,1,1,0,0,2,2,1,2,3,0,0,0,0,1,4,FALSE,"330660061"
"264","T. Lanter","G",0,0,0,0,0,0,0,0,0,0,0,0,0,0,0,0,FALSE,"330660061"
"265","A. Poythress","F",32,4,7,0,1,1,2,3,9,12,2,0,0,1,1,9,TRUE,"330680096"
"266","W. Cauley-Stein","F",25,2,5,0,0,2,4,3,5,8,1,1,4,3,4,6,TRUE,"330680096"
"267","A. Goodwin","G",35,5,13,0,3,6,12,1,3,4,1,4,0,2,3,16,TRUE,"330680096"
"268","R. Harrow","G",31,5,12,1,1,2,2,0,4,4,2,0,0,1,3,13,TRUE,"330680096"
"269","J. Mays","G",39,4,10,3,9,2,2,0,1,1,2,2,0,1,0,13,TRUE,"330680096"
"270","K. Wiltjer","F",20,0,7,0,3,0,0,2,2,4,0,0,0,0,1,0,FALSE,"330680096"
"271","J. Polson","C",13,2,2,0,0,0,0,1,1,2,2,0,0,1,0,4,FALSE,"330680096"
"272","J. Hood","C",5,0,0,0,0,0,0,0,0,0,0,0,1,0,1,0,FALSE,"330680096"
"273","A. Poythress","F",29,2,3,1,1,1,3,2,2,4,0,0,1,0,2,6,TRUE,"330740096"
"274","W. Cauley-Stein","F",30,2,6,0,0,3,5,5,4,9,1,1,1,1,4,7,TRUE,"330740096"
"275","A. Goodwin","G",26,5,10,0,1,2,5,0,5,5,0,0,0,1,2,12,TRUE,"330740096"
"276","R. Harrow","G",30,2,15,0,1,0,0,2,3,5,1,0,0,4,2,4,TRUE,"330740096"
"277","J. Mays","G",38,2,8,2,7,0,0,0,1,1,3,0,0,1,2,6,TRUE,"330740096"
"278","K. Wiltjer","F",21,4,5,0,1,2,3,2,1,3,0,0,0,0,0,10,FALSE,"330740096"
"279","J. Polson","C",11,0,2,0,0,0,0,1,1,2,1,0,0,0,3,0,FALSE,"330740096"
"280","J. Hood","C",15,1,3,1,3,0,0,0,1,1,0,1,0,0,1,3,FALSE,"330740096"
"281","A. Poythress","F",27,3,7,0,1,0,0,0,2,2,1,0,1,2,1,6,TRUE,"330780096"
"282","W. Cauley-Stein","F",36,4,6,0,0,1,4,1,3,4,0,0,1,4,2,9,TRUE,"330780096"
"283","A. Goodwin","G",34,5,8,0,0,8,8,3,4,7,1,1,0,3,3,18,TRUE,"330780096"
"284","R. Harrow","G",9,2,3,1,2,0,0,0,1,1,0,0,0,2,3,5,TRUE,"330780096"
"285","J. Mays","G",38,1,5,1,4,2,2,1,2,3,2,0,0,1,2,5,TRUE,"330780096"
"286","K. Wiltjer","F",10,1,4,0,2,0,0,0,0,0,0,0,0,0,3,2,FALSE,"330780096"
"287","J. Polson","C",31,4,5,0,0,2,4,0,1,1,3,0,1,1,1,10,FALSE,"330780096"
"288","J. Hood","C",15,1,2,0,1,0,0,1,2,3,0,0,0,1,2,2,FALSE,"330780096"
